Game,Tipoff,Season,Score,Over_Under,Home_Line
HOU @ OKC,Oct 21 7:30 PM,2025,124-125,226.0,-6.5
GSW @ LAL,Oct 21 10:00 PM,2025,119-109,227.5,-1.0
BKN @ CHA,Oct 22 7:00 PM,2025,117-136,228.5,-5.0
CLE @ NYK,Oct 22 7:00 PM,2025,111-119,229.0,-1.0
MIA @ ORL,Oct 22 7:00 PM,2025,121-125,215.5,-8.0
TOR @ ATL,Oct 22 7:30 PM,2025,138-118,237.5,-5.5
PHI @ BOS,Oct 22 7:30 PM,2025,117-116,230.0,-5.5
DET @ CHI,Oct 22 8:00 PM,2025,111-115,236.5,3.0
NOP @ MEM,Oct 22 8:00 PM,2025,122-128,236.5,-4.0
WAS @ MIL,Oct 22 8:00 PM,2025,120-133,228.0,-10.0
LAC @ UTA,Oct 22 9:00 PM,2025,108-129,225.5,9.5
SAS @ DAL,Oct 22 9:30 PM,2025,125-92,224.0,-3.5
SAC @ PHX,Oct 22 10:00 PM,2025,116-120,228.5,-3.5
MIN @ POR,Oct 22 10:00 PM,2025,118-114,222.5,4.5
OKC @ IND,Oct 23 7:30 PM,2025,141-135,231.5,7.5
DEN @ GSW,Oct 23 10:00 PM,2025,131-137,233.0,-1.5
MIL @ TOR,Oct 24 6:30 PM,2025,122-116,235.5,-2.0
ATL @ ORL,Oct 24 7:00 PM,2025,111-107,235.5,-5.5
CLE @ BKN,Oct 24 7:30 PM,2025,131-124,230.0,11.5
BOS @ NYK,Oct 24 7:30 PM,2025,95-105,231.5,-3.5
DET @ HOU,Oct 24 8:00 PM,2025,115-111,226.5,-6.5
MIA @ MEM,Oct 24 8:00 PM,2025,146-114,232.5,-3.0
SAS @ NOP,Oct 24 8:00 PM,2025,120-116,233.5,4.0
WAS @ DAL,Oct 24 8:30 PM,2025,117-107,228.5,-9.0
MIN @ LAL,Oct 24 10:00 PM,2025,110-128,226.0,1.5
GSW @ POR,Oct 24 10:00 PM,2025,119-139,228.5,2.5
UTA @ SAC,Oct 24 10:00 PM,2025,104-105,235.0,-5.5
PHX @ LAC,Oct 24 10:30 PM,2025,102-129,223.5,-10.0
CHI @ ORL,Oct 25 7:00 PM,2025,110-98,233.0,-6.0
OKC @ ATL,Oct 25 7:30 PM,2025,117-100,237.0,8.5
CHA @ PHI,Oct 25 7:30 PM,2025,121-125,237.0,-4.5
IND @ MEM,Oct 25 8:00 PM,2025,103-128,240.5,-2.0
PHX @ DEN,Oct 25 9:00 PM,2025,111-133,233.5,-13.0
BKN @ SAS,Oct 26 2:00 PM,2025,107-118,227.5,-10.5
BOS @ DET,Oct 26 3:30 PM,2025,113-119,227.0,-2.5
MIL @ CLE,Oct 26 6:00 PM,2025,113-118,234.0,-6.5
NYK @ MIA,Oct 26 6:00 PM,2025,107-115,230.5,3.5
CHA @ WAS,Oct 26 6:00 PM,2025,139-113,240.0,-1.5
IND @ MIN,Oct 26 7:00 PM,2025,110-114,228.5,-12.0
TOR @ DAL,Oct 26 7:30 PM,2025,129-139,232.0,-1.0
POR @ LAC,Oct 26 9:00 PM,2025,107-114,225.0,-8.5
LAL @ SAC,Oct 26 9:00 PM,2025,127-120,224.5,-3.5
CLE @ DET,Oct 27 7:00 PM,2025,116-95,231.5,2.0
ORL @ PHI,Oct 27 7:00 PM,2025,124-136,227.0,6.5
ATL @ CHI,Oct 27 8:00 PM,2025,123-128,244.0,-1.5
BKN @ HOU,Oct 27 8:00 PM,2025,109-137,225.0,-16.0
BOS @ NOP,Oct 27 8:00 PM,2025,122-90,231.5,-2.0
TOR @ SAS,Oct 27 8:00 PM,2025,103-121,232.5,-4.5
OKC @ DAL,Oct 27 8:30 PM,2025,101-94,225.5,8.5
PHX @ UTA,Oct 27 9:00 PM,2025,134-138,230.0,-1.5
DEN @ MIN,Oct 27 9:30 PM,2025,127-114,229.5,6.0
MEM @ GSW,Oct 27 10:00 PM,2025,118-131,240.5,-8.0
POR @ LAL,Oct 27 10:30 PM,2025,122-108,227.5,3.5
PHI @ WAS,Oct 28 7:00 PM,2025,139-134,237.5,5.5
CHA @ MIA,Oct 28 7:30 PM,2025,117-144,241.5,-6.5
NYK @ MIL,Oct 28 8:00 PM,2025,111-121,229.5,1.5
SAC @ OKC,Oct 28 8:00 PM,2025,101-107,227.5,-10.5
LAC @ GSW,Oct 28 11:00 PM,2025,79-98,224.0,-1.5
HOU @ TOR,Oct 29 6:30 PM,2025,139-121,233.5,5.5
CLE @ BOS,Oct 29 7:00 PM,2025,105-125,233.5,3.5
ORL @ DET,Oct 29 7:00 PM,2025,116-135,227.5,1.5
ATL @ BKN,Oct 29 7:30 PM,2025,117-112,239.5,8.0
SAC @ CHI,Oct 29 8:00 PM,2025,113-126,238.0,-4.5
IND @ DAL,Oct 29 8:30 PM,2025,105-107,229.5,-6.0
NOP @ DEN,Oct 29 9:00 PM,2025,88-122,238.0,-12.0
POR @ UTA,Oct 29 9:00 PM,2025,136-134,235.5,3.0
LAL @ MIN,Oct 29 9:30 PM,2025,116-115,225.0,-8.0
MEM @ PHX,Oct 29 10:00 PM,2025,114-113,242.0,2.0
ORL @ CHA,Oct 30 7:00 PM,2025,123-107,239.0,3.5
GSW @ MIL,Oct 30 8:00 PM,2025,110-120,228.5,7.5
WAS @ OKC,Oct 30 8:00 PM,2025,108-127,231.5,-15.5
MIA @ SAS,Oct 30 8:30 PM,2025,101-107,228.5,-5.5
SAC @ MIL,Nov 1 5:00 PM,2025,135-133,233.0,-6.5
MIN @ CHA,Nov 1 6:00 PM,2025,122-105,234.5,4.5
GSW @ IND,Nov 1 7:00 PM,2025,109-114,230.0,11.0
ORL @ WAS,Nov 1 7:00 PM,2025,125-94,234.0,9.0
HOU @ BOS,Nov 1 8:00 PM,2025,128-101,226.5,4.5
DAL @ DET,Nov 1 10:00 PM,2025,110-122,227.5,-7.5
MIN @ BKN,Nov 3 7:00 PM,2025,125-109,226.0,10.0
MIL @ IND,Nov 3 7:00 PM,2025,117-115,235.5,6.5
UTA @ BOS,Nov 3 7:30 PM,2025,105-103,233.0,-10.5
WAS @ NYK,Nov 3 7:30 PM,2025,102-119,234.0,-13.0
DAL @ HOU,Nov 3 8:00 PM,2025,102-110,226.5,-12.5
DET @ MEM,Nov 3 8:00 PM,2025,114-106,236.0,4.0
SAC @ DEN,Nov 3 9:00 PM,2025,124-130,237.0,-11.5
LAL @ POR,Nov 3 10:00 PM,2025,123-115,227.5,-9.5
MIA @ LAC,Nov 3 10:30 PM,2025,120-119,227.5,-7.5
MIL @ TOR,Nov 4 7:30 PM,2025,100-128,237.0,-2.5
ORL @ ATL,Nov 4 8:00 PM,2025,112-127,229.5,3.5
PHI @ CHI,Nov 4 8:00 PM,2025,111-113,240.0,-2.0
CHA @ NOP,Nov 4 8:00 PM,2025,112-116,229.0,-3.0
PHX @ GSW,Nov 4 10:00 PM,2025,107-118,235.5,-10.5
OKC @ LAC,Nov 4 11:00 PM,2025,126-107,219.0,8.5
PHI @ CLE,Nov 5 7:00 PM,2025,121-132,235.0,-12.0
UTA @ DET,Nov 5 7:00 PM,2025,103-114,232.5,-9.5
BKN @ IND,Nov 5 7:00 PM,2025,112-103,233.0,-6.5
WAS @ BOS,Nov 5 7:30 PM,2025,107-136,232.5,-13.0
MIN @ NYK,Nov 5 7:30 PM,2025,114-137,228.5,-3.5
HOU @ MEM,Nov 5 8:00 PM,2025,124-109,232.5,7.0
NOP @ DAL,Nov 5 8:30 PM,2025,101-99,226.0,-8.0
MIA @ DEN,Nov 5 9:00 PM,2025,112-122,242.0,-9.0
SAS @ LAL,Nov 5 10:00 PM,2025,116-118,227.5,-1.0
OKC @ POR,Nov 5 10:00 PM,2025,119-121,231.5,3.5
GSW @ SAC,Nov 5 10:00 PM,2025,116-121,225.5,-3.0
LAC @ PHX,Nov 6 9:00 PM,2025,102-115,224.5,-2.5
BOS @ ORL,Nov 7 7:00 PM,2025,110-123,226.5,-3.5
CLE @ WAS,Nov 7 7:00 PM,2025,148-114,241.0,13.5
TOR @ ATL,Nov 7 7:30 PM,2025,109-97,235.0,-2.5
DET @ BKN,Nov 7 7:30 PM,2025,125-107,227.0,10.5
HOU @ SAS,Nov 7 7:30 PM,2025,110-121,224.5,4.0
DAL @ MEM,Nov 7 8:00 PM,2025,104-118,232.5,-4.0
CHA @ MIA,Nov 7 8:00 PM,2025,108-126,235.0,-7.0
CHI @ MIL,Nov 7 8:00 PM,2025,110-126,240.0,-4.5
UTA @ MIN,Nov 7 8:00 PM,2025,97-137,233.0,-12.5
GSW @ DEN,Nov 7 10:00 PM,2025,104-129,230.5,-9.5
OKC @ SAC,Nov 7 10:00 PM,2025,132-101,234.5,11.5
DAL @ WAS,Nov 8 7:00 PM,2025,111-105,233.0,4.5
TOR @ PHI,Nov 8 7:30 PM,2025,120-130,237.0,-5.0
LAL @ ATL,Nov 8 8:00 PM,2025,102-122,228.5,5.0
CHI @ CLE,Nov 8 8:00 PM,2025,122-128,239.0,-8.5
POR @ MIA,Nov 8 8:00 PM,2025,131-136,242.0,4.0
NOP @ SAS,Nov 8 8:00 PM,2025,119-126,224.5,-11.0
IND @ DEN,Nov 8 9:00 PM,2025,100-117,235.0,-9.5
PHX @ LAC,Nov 8 10:30 PM,2025,114-103,226.5,-4.5
HOU @ MIL,Nov 9 3:30 PM,2025,122-115,232.5,4.0
OKC @ MEM,Nov 9 6:00 PM,2025,114-100,230.5,10.5
BKN @ NYK,Nov 9 6:00 PM,2025,98-134,226.5,-15.5
BOS @ ORL,Nov 9 6:00 PM,2025,111-107,227.5,-3.5
DET @ PHI,Nov 9 7:30 PM,2025,111-108,233.5,4.5
IND @ GSW,Nov 9 8:30 PM,2025,83-114,221.5,-12.5
MIN @ SAC,Nov 9 9:00 PM,2025,144-117,237.5,4.5
LAL @ CHA,Nov 10 7:00 PM,2025,121-111,230.5,8.5
WAS @ DET,Nov 10 7:00 PM,2025,135-137,236.5,-11.0
POR @ ORL,Nov 10 7:00 PM,2025,112-115,235.0,-2.0
CLE @ MIA,Nov 10 7:30 PM,2025,138-140,248.0,7.5
SAS @ CHI,Nov 10 8:00 PM,2025,121-117,235.5,5.0
MIL @ DAL,Nov 10 8:30 PM,2025,116-114,229.0,3.5
NOP @ PHX,Nov 10 9:00 PM,2025,98-121,226.5,-8.5
MIN @ UTA,Nov 10 9:00 PM,2025,120-113,235.5,7.5
ATL @ LAC,Nov 10 10:30 PM,2025,105-102,221.0,-4.5
TOR @ BKN,Nov 11 7:30 PM,2025,119-109,231.5,10.0
MEM @ NYK,Nov 11 7:30 PM,2025,120-133,233.0,-10.0
GSW @ OKC,Nov 11 8:00 PM,2025,102-126,227.5,-8.5
BOS @ PHI,Nov 11 8:00 PM,2025,100-102,230.5,-1.5
IND @ UTA,Nov 11 9:00 PM,2025,128-152,233.5,2.5
DEN @ SAC,Nov 11 11:00 PM,2025,122-108,244.5,8.5
MIL @ CHA,Nov 12 7:00 PM,2025,100-111,228.0,2.5
CHI @ DET,Nov 12 7:00 PM,2025,113-124,230.0,-1.0
ORL @ NYK,Nov 12 7:00 PM,2025,124-107,227.5,-3.5
MEM @ BOS,Nov 12 7:30 PM,2025,95-131,227.5,-8.5
CLE @ MIA,Nov 12 7:30 PM,2025,130-116,239.5,-4.5
WAS @ HOU,Nov 12 8:00 PM,2025,112-135,236.5,-16.5
POR @ NOP,Nov 12 8:00 PM,2025,125-117,232.0,8.0
GSW @ SAS,Nov 12 8:00 PM,2025,125-120,232.5,-3.5
PHX @ DAL,Nov 12 8:30 PM,2025,123-114,227.5,2.0
LAL @ OKC,Nov 12 9:30 PM,2025,92-121,229.5,-8.0
ATL @ SAC,Nov 12 10:00 PM,2025,133-100,230.5,4.5
DEN @ LAC,Nov 12 10:30 PM,2025,130-116,225.0,4.5
TOR @ CLE,Nov 13 7:00 PM,2025,126-113,238.5,-7.5
IND @ PHX,Nov 13 9:00 PM,2025,98-133,233.0,-3.5
ATL @ UTA,Nov 13 9:00 PM,2025,132-122,234.0,1.5
MIA @ NYK,Nov 14 7:00 PM,2025,132-140,240.5,-6.5
BKN @ ORL,Nov 14 7:00 PM,2025,98-105,224.5,-14.5
PHI @ DET,Nov 14 7:30 PM,2025,105-114,229.5,-1.0
POR @ HOU,Nov 14 8:00 PM,2025,116-140,236.5,-7.5
CHA @ MIL,Nov 14 8:00 PM,2025,134-147,238.0,-9.0
SAC @ MIN,Nov 14 8:00 PM,2025,110-124,240.0,-11.5
LAL @ NOP,Nov 14 8:00 PM,2025,118-104,227.5,9.5
LAC @ DAL,Nov 14 8:30 PM,2025,133-127,221.0,3.0
GSW @ SAS,Nov 14 9:30 PM,2025,109-108,233.5,-2.5
MEM @ CLE,Nov 15 5:00 PM,2025,100-108,241.5,-10.5
OKC @ CHA,Nov 15 7:00 PM,2025,109-96,224.0,17.5
TOR @ IND,Nov 15 7:00 PM,2025,129-111,235.5,6.0
LAL @ MIL,Nov 15 8:00 PM,2025,119-95,230.0,-2.0
DEN @ MIN,Nov 15 8:00 PM,2025,123-112,237.0,-2.5
LAC @ BOS,Nov 16 3:30 PM,2025,118-121,219.5,-5.5
SAC @ SAS,Nov 16 4:00 PM,2025,110-123,242.5,-6.5
BKN @ WAS,Nov 16 6:00 PM,2025,129-106,231.5,-2.5
ORL @ HOU,Nov 16 7:00 PM,2025,113-117,223.5,-7.5
GSW @ NOP,Nov 16 7:00 PM,2025,124-106,226.5,11.0
POR @ DAL,Nov 16 7:30 PM,2025,133-138,236.5,2.5
ATL @ PHX,Nov 16 8:00 PM,2025,124-122,226.0,-1.5
CHI @ UTA,Nov 16 8:00 PM,2025,147-150,244.5,4.5
MIL @ CLE,Nov 17 7:00 PM,2025,106-118,235.0,-6.0
IND @ DET,Nov 17 7:00 PM,2025,112-127,230.5,-8.0
LAC @ PHI,Nov 17 7:00 PM,2025,108-110,222.5,-5.5
NYK @ MIA,Nov 17 7:30 PM,2025,113-115,244.5,-1.0
CHA @ TOR,Nov 17 7:30 PM,2025,108-110,240.0,-7.5
DAL @ MIN,Nov 17 8:00 PM,2025,96-120,232.5,-14.0
OKC @ NOP,Nov 17 8:00 PM,2025,126-109,223.0,18.5
CHI @ DEN,Nov 17 9:00 PM,2025,130-127,241.0,-12.5
GSW @ ORL,Nov 18 7:00 PM,2025,113-121,223.5,2.0
DET @ ATL,Nov 18 7:30 PM,2025,120-112,227.0,-1.0
BOS @ BKN,Nov 18 7:30 PM,2025,113-99,223.0,11.5
MEM @ SAS,Nov 18 8:00 PM,2025,101-111,234.0,-6.0
UTA @ LAL,Nov 18 10:30 PM,2025,126-140,239.5,-13.0
PHX @ POR,Nov 18 11:00 PM,2025,127-110,235.5,-2.0
HOU @ CLE,Nov 19 7:00 PM,2025,114-104,233.5,-1.0
CHA @ IND,Nov 19 7:00 PM,2025,118-127,238.0,1.5
TOR @ PHI,Nov 19 7:00 PM,2025,121-112,234.0,-1.0
GSW @ MIA,Nov 19 7:30 PM,2025,96-110,234.5,-10.5
WAS @ MIN,Nov 19 8:00 PM,2025,109-120,240.0,-16.5
DEN @ NOP,Nov 19 8:00 PM,2025,125-118,235.0,10.5
SAC @ OKC,Nov 19 8:00 PM,2025,99-113,232.5,-18.5
NYK @ DAL,Nov 19 9:30 PM,2025,113-111,233.5,8.5
CHI @ POR,Nov 19 10:00 PM,2025,122-121,245.0,3.5
LAC @ ORL,Nov 20 7:00 PM,2025,101-129,218.5,-6.5
SAC @ MEM,Nov 20 8:00 PM,2025,96-137,234.5,-3.5
PHI @ MIL,Nov 20 8:00 PM,2025,123-114,223.5,1.5
ATL @ SAS,Nov 20 8:00 PM,2025,126-135,233.5,-1.0
IND @ CLE,Nov 21 7:00 PM,2025,109-120,241.5,-13.5
BKN @ BOS,Nov 21 7:30 PM,2025,113-105,222.0,-13.5
WAS @ TOR,Nov 21 7:30 PM,2025,110-140,239.0,-14.0
MIA @ CHI,Nov 21 8:00 PM,2025,143-107,250.5,-2.5
NOP @ DAL,Nov 21 8:30 PM,2025,115-118,234.0,-3.5
MIN @ PHX,Nov 21 9:00 PM,2025,113-114,230.5,4.5
DEN @ HOU,Nov 21 9:30 PM,2025,112-109,234.0,-3.0
POR @ GSW,Nov 21 10:00 PM,2025,127-123,236.5,-10.0
OKC @ UTA,Nov 21 10:00 PM,2025,144-112,234.0,16.5
LAC @ CHA,Nov 22 1:00 PM,2025,131-116,227.5,-1.0
NYK @ ORL,Nov 22 5:00 PM,2025,121-133,230.5,-1.5
ATL @ NOP,Nov 22 7:00 PM,2025,115-98,232.5,10.0
WAS @ CHI,Nov 22 8:00 PM,2025,120-121,246.0,-12.5
DET @ MIL,Nov 22 8:00 PM,2025,129-116,226.0,8.0
MEM @ DAL,Nov 22 8:30 PM,2025,102-96,229.5,-1.0
SAC @ DEN,Nov 22 10:00 PM,2025,128-123,240.5,-10.5
MIA @ PHI,Nov 23 1:00 PM,2025,127-117,240.5,-1.0
CHA @ ATL,Nov 23 6:00 PM,2025,110-113,229.0,-8.0
ORL @ BOS,Nov 23 6:00 PM,2025,129-138,223.5,-4.5
LAC @ CLE,Nov 23 6:00 PM,2025,105-120,229.5,-7.5
BKN @ TOR,Nov 23 6:00 PM,2025,109-119,229.5,-11.5
POR @ OKC,Nov 23 7:00 PM,2025,95-122,233.5,-16.0
SAS @ PHX,Nov 23 8:00 PM,2025,102-111,234.0,-1.5
LAL @ UTA,Nov 23 8:00 PM,2025,108-106,245.0,9.0
DET @ IND,Nov 24 7:00 PM,2025,122-117,236.5,10.0
CLE @ TOR,Nov 24 7:00 PM,2025,99-110,231.5,-1.5
NYK @ BKN,Nov 24 7:30 PM,2025,113-100,229.0,12.5
DAL @ MIA,Nov 24 7:30 PM,2025,102-106,240.5,-7.5
DEN @ MEM,Nov 24 8:00 PM,2025,125-115,236.0,6.5
POR @ MIL,Nov 24 8:00 PM,2025,115-103,230.5,-1.0
CHI @ NOP,Nov 24 8:00 PM,2025,130-143,244.5,5.0
HOU @ PHX,Nov 24 9:30 PM,2025,114-92,222.5,6.5
UTA @ GSW,Nov 24 10:00 PM,2025,117-134,239.5,-13.5
MIN @ SAC,Nov 24 10:00 PM,2025,112-117,238.0,10.5
ATL @ WAS,Nov 25 7:00 PM,2025,113-132,240.0,11.0
ORL @ PHI,Nov 25 8:00 PM,2025,144-103,229.5,-1.5
LAC @ LAL,Nov 25 11:00 PM,2025,118-135,228.0,-6.0
DET @ BOS,Nov 26 5:00 PM,2025,114-117,234.0,2.0
NYK @ CHA,Nov 26 7:00 PM,2025,129-101,242.5,6.5
MIL @ MIA,Nov 26 7:30 PM,2025,103-106,237.0,-10.5
MIN @ OKC,Nov 26 7:30 PM,2025,105-113,226.5,-10.5
IND @ TOR,Nov 26 7:30 PM,2025,95-97,234.0,-10.0
MEM @ NOP,Nov 26 8:00 PM,2025,133-128,236.0,3.5
HOU @ GSW,Nov 26 10:00 PM,2025,104-100,224.5,-3.5
SAS @ POR,Nov 26 10:00 PM,2025,115-102,240.0,-1.0
PHX @ SAC,Nov 26 10:00 PM,2025,112-100,233.5,4.5
CLE @ ATL,Nov 28 7:30 PM,2025,123-130,236.5,6.5
PHI @ BKN,Nov 28 7:30 PM,2025,115-103,221.5,6.5
CHI @ CHA,Nov 28 7:30 PM,2025,116-123,248.5,3.0
ORL @ DET,Nov 28 7:30 PM,2025,112-109,230.5,-3.5
WAS @ IND,Nov 28 7:30 PM,2025,86-119,240.5,-6.0
MIL @ NYK,Nov 28 7:30 PM,2025,109-118,232.5,-7.5
SAS @ DEN,Nov 28 9:30 PM,2025,139-136,238.5,-7.0
PHX @ OKC,Nov 28 9:30 PM,2025,119-123,223.5,-14.5
SAC @ UTA,Nov 28 9:30 PM,2025,119-128,242.0,-2.5
MEM @ LAC,Nov 28 10:00 PM,2025,112-107,224.0,-6.5
DAL @ LAL,Nov 28 10:00 PM,2025,119-129,232.5,-10.0
BOS @ MIN,Nov 29 5:00 PM,2025,115-119,229.5,-6.0
TOR @ CHA,Nov 29 6:00 PM,2025,111-118,234.0,6.5
CHI @ IND,Nov 29 7:30 PM,2025,101-103,240.5,2.5
DET @ MIA,Nov 29 8:00 PM,2025,138-135,239.0,-4.0
BKN @ MIL,Nov 29 8:00 PM,2025,99-116,218.5,-11.5
NOP @ GSW,Nov 29 8:30 PM,2025,96-104,228.0,-10.0
DEN @ PHX,Nov 29 9:00 PM,2025,130-112,233.5,3.5
DAL @ LAC,Nov 29 10:00 PM,2025,114-110,224.5,-9.5
HOU @ UTA,Nov 30 3:00 PM,2025,129-101,233.5,11.5
BOS @ CLE,Nov 30 6:00 PM,2025,117-115,234.0,-7.5
TOR @ NYK,Nov 30 6:00 PM,2025,94-116,229.0,-8.5
ATL @ PHI,Nov 30 6:00 PM,2025,142-134,232.5,-3.0
OKC @ POR,Nov 30 6:00 PM,2025,123-115,234.0,11.5
SAS @ MIN,Nov 30 7:00 PM,2025,112-125,234.0,-4.5
MEM @ SAC,Nov 30 9:00 PM,2025,115-107,233.5,3.0
NOP @ LAL,Nov 30 9:30 PM,2025,121-133,228.5,-15.5
ATL @ DET,Dec 1 7:00 PM,2025,98-99,232.5,-9.5
CLE @ IND,Dec 1 7:00 PM,2025,135-119,231.5,4.5
MIL @ WAS,Dec 1 7:00 PM,2025,126-129,232.5,10.5
CHA @ BKN,Dec 1 7:30 PM,2025,103-116,228.0,4.5
LAC @ MIA,Dec 1 7:30 PM,2025,123-140,235.5,-6.0
CHI @ ORL,Dec 1 7:30 PM,2025,120-125,239.5,-9.5
DAL @ DEN,Dec 1 9:00 PM,2025,131-121,235.5,-11.0
HOU @ UTA,Dec 1 9:00 PM,2025,125-133,234.5,11.5
PHX @ LAL,Dec 1 10:00 PM,2025,125-108,231.5,-5.5
WAS @ PHI,Dec 2 7:00 PM,2025,102-121,234.5,-13.0
POR @ TOR,Dec 2 7:30 PM,2025,118-121,231.0,-5.0
NYK @ BOS,Dec 2 8:00 PM,2025,117-123,230.5,1.0
MIN @ NOP,Dec 2 8:00 PM,2025,149-142,229.5,12.5
MEM @ SAS,Dec 2 8:00 PM,2025,119-126,232.5,-5.0
OKC @ GSW,Dec 2 11:00 PM,2025,124-112,223.5,11.0
POR @ CLE,Dec 3 7:00 PM,2025,122-110,244.5,-10.0
DEN @ IND,Dec 3 7:00 PM,2025,135-120,237.5,8.0
SAS @ ORL,Dec 3 7:00 PM,2025,114-112,235.5,-8.0
LAC @ ATL,Dec 3 7:30 PM,2025,115-92,225.5,-1.5
CHA @ NYK,Dec 3 7:30 PM,2025,104-119,236.0,-9.0
BKN @ CHI,Dec 3 8:00 PM,2025,113-103,231.5,-8.0
SAC @ HOU,Dec 3 8:00 PM,2025,95-121,230.5,-15.5
DET @ MIL,Dec 3 8:00 PM,2025,109-113,228.5,4.5
MIA @ DAL,Dec 3 8:30 PM,2025,108-118,238.5,4.5
GSW @ PHI,Dec 4 7:00 PM,2025,98-99,224.0,-4.0
BOS @ WAS,Dec 4 7:00 PM,2025,146-101,231.0,10.5
UTA @ BKN,Dec 4 7:30 PM,2025,123-110,231.0,5.0
LAL @ TOR,Dec 4 7:30 PM,2025,123-120,228.5,-2.0
MIN @ NOP,Dec 4 8:00 PM,2025,125-116,233.5,11.5
LAL @ BOS,Dec 5 7:00 PM,2025,105-126,227.5,-9.0
MIA @ ORL,Dec 5 7:00 PM,2025,105-106,241.0,-6.5
DEN @ ATL,Dec 5 7:30 PM,2025,134-133,239.0,3.5
SAS @ CLE,Dec 5 7:30 PM,2025,117-130,238.5,-5.5
POR @ DET,Dec 5 7:30 PM,2025,116-122,235.5,-8.5
UTA @ NYK,Dec 5 7:30 PM,2025,112-146,243.0,-16.0
CHA @ TOR,Dec 5 7:30 PM,2025,111-86,230.0,-6.5
IND @ CHI,Dec 5 8:00 PM,2025,120-105,235.5,-4.5
PHX @ HOU,Dec 5 8:00 PM,2025,98-117,219.5,-8.5
LAC @ MEM,Dec 5 8:00 PM,2025,98-107,223.5,2.0
PHI @ MIL,Dec 5 8:00 PM,2025,116-101,221.5,1.0
DAL @ OKC,Dec 5 9:30 PM,2025,111-132,229.5,-15.5
NOP @ BKN,Dec 6 5:00 PM,2025,101-119,227.5,-3.5
ATL @ WAS,Dec 6 7:00 PM,2025,131-116,237.5,9.5
GSW @ CLE,Dec 6 7:30 PM,2025,99-94,230.0,-9.0
MIL @ DET,Dec 6 7:30 PM,2025,112-124,223.5,-12.5
SAC @ MIA,Dec 6 8:00 PM,2025,127-111,241.5,-8.5
LAC @ MIN,Dec 6 8:00 PM,2025,106-109,227.5,-8.5
HOU @ DAL,Dec 6 8:30 PM,2025,109-122,221.5,6.5
ORL @ NYK,Dec 7 12:00 PM,2025,100-106,229.5,-1.0
BOS @ TOR,Dec 7 3:30 PM,2025,121-113,224.5,3.5
DEN @ CHA,Dec 7 6:00 PM,2025,115-106,235.5,10.5
POR @ MEM,Dec 7 6:00 PM,2025,96-119,232.5,-2.0
GSW @ CHI,Dec 7 7:00 PM,2025,123-91,229.5,-1.0
LAL @ PHI,Dec 7 7:30 PM,2025,112-108,233.5,2.5
OKC @ UTA,Dec 7 8:00 PM,2025,131-101,234.0,11.5
SAC @ IND,Dec 8 7:00 PM,2025,105-116,232.0,-4.0
PHX @ MIN,Dec 8 7:30 PM,2025,108-105,225.5,-8.0
SAS @ NOP,Dec 8 8:00 PM,2025,135-132,238.0,8.5
MIA @ ORL,Dec 9 6:00 PM,2025,108-117,235.0,-1.5
NYK @ TOR,Dec 9 8:30 PM,2025,117-101,226.5,6.5
PHX @ OKC,Dec 10 7:30 PM,2025,89-138,221.5,-15.5
SAS @ LAL,Dec 10 10:00 PM,2025,132-119,243.0,-7.0
LAC @ HOU,Dec 11 8:00 PM,2025,113-115,221.5,-9.0
BOS @ MIL,Dec 11 8:00 PM,2025,101-116,222.5,9.5
POR @ NOP,Dec 11 8:00 PM,2025,120-143,242.0,4.0
DEN @ SAC,Dec 11 10:00 PM,2025,136-105,239.5,10.5
CHI @ CHA,Dec 12 7:00 PM,2025,129-126,229.5,3.0
ATL @ DET,Dec 12 7:00 PM,2025,115-142,233.0,-7.0
IND @ PHI,Dec 12 7:00 PM,2025,105-115,221.0,-5.5
CLE @ WAS,Dec 12 7:00 PM,2025,130-126,246.0,17.0
UTA @ MEM,Dec 12 8:00 PM,2025,130-126,243.5,-7.5
BKN @ DAL,Dec 12 8:30 PM,2025,111-119,219.0,-7.5
MIN @ GSW,Dec 12 10:00 PM,2025,127-120,228.5,-4.5
NYK @ ORL,Dec 13 5:30 PM,2025,132-120,225.0,4.0
SAS @ OKC,Dec 13 9:00 PM,2025,111-109,233.5,-10.5
WAS @ IND,Dec 14 3:00 PM,2025,108-89,233.5,-10.0
CHA @ CLE,Dec 14 3:30 PM,2025,119-111,233.0,-12.0
PHI @ ATL,Dec 14 6:00 PM,2025,117-120,225.5,-4.5
MIL @ BKN,Dec 14 6:00 PM,2025,82-127,216.0,1.5
NOP @ CHI,Dec 14 7:00 PM,2025,114-104,248.0,-4.5
SAC @ MIN,Dec 14 7:00 PM,2025,103-117,235.5,-9.5
LAL @ PHX,Dec 14 8:00 PM,2025,116-114,232.0,-1.5
GSW @ POR,Dec 14 9:00 PM,2025,131-136,237.0,5.0
DET @ BOS,Dec 15 7:00 PM,2025,112-105,231.5,-1.5
TOR @ MIA,Dec 15 7:30 PM,2025,106-96,233.0,-4.5
DAL @ UTA,Dec 15 9:00 PM,2025,133-140,241.0,1.0
HOU @ DEN,Dec 15 9:30 PM,2025,125-128,237.0,-1.0
MEM @ LAC,Dec 15 10:30 PM,2025,121-103,229.5,-5.5
SAS @ NYK,Dec 16 8:30 PM,2025,113-124,233.5,-2.5
CLE @ CHI,Dec 17 8:00 PM,2025,111-127,242.5,5.5
MEM @ MIN,Dec 17 8:00 PM,2025,116-110,227.0,-6.5
ATL @ CHA,Dec 18 7:00 PM,2025,126-133,240.5,4.5
NYK @ IND,Dec 18 7:00 PM,2025,114-113,226.5,3.5
MIA @ BKN,Dec 18 7:30 PM,2025,106-95,228.5,8.0
TOR @ MIL,Dec 18 8:00 PM,2025,111-105,218.5,4.0
HOU @ NOP,Dec 18 8:00 PM,2025,128-133,236.0,9.5
LAC @ OKC,Dec 18 8:00 PM,2025,101-122,222.5,-17.0
WAS @ SAS,Dec 18 8:00 PM,2025,94-119,241.0,-15.5
DET @ DAL,Dec 18 8:30 PM,2025,114-116,230.0,5.5
ORL @ DEN,Dec 18 9:00 PM,2025,115-126,237.5,-6.5
GSW @ PHX,Dec 18 9:00 PM,2025,98-99,229.0,1.5
LAL @ UTA,Dec 18 9:00 PM,2025,143-135,242.5,9.0
SAC @ POR,Dec 18 10:00 PM,2025,133-134,238.5,-8.5
MIA @ BOS,Dec 19 7:00 PM,2025,116-129,233.0,-7.5
PHI @ NYK,Dec 19 7:00 PM,2025,116-107,230.0,-6.5
SAS @ ATL,Dec 19 7:30 PM,2025,126-98,238.0,3.5
CHI @ CLE,Dec 19 7:30 PM,2025,136-125,238.0,-4.5
OKC @ MIN,Dec 19 9:30 PM,2025,107-112,232.5,5.5
HOU @ DEN,Dec 20 5:00 PM,2025,115-101,236.0,-1.0
IND @ NOP,Dec 20 7:00 PM,2025,109-128,235.5,-2.5
DAL @ PHI,Dec 20 7:00 PM,2025,114-121,226.5,-1.0
BOS @ TOR,Dec 20 7:00 PM,2025,112-96,221.5,-1.5
CHA @ DET,Dec 20 7:30 PM,2025,86-112,234.5,-10.5
WAS @ MEM,Dec 20 8:00 PM,2025,130-122,233.0,-12.0
PHX @ GSW,Dec 20 8:30 PM,2025,116-119,226.5,-6.0
ORL @ UTA,Dec 20 9:30 PM,2025,128-127,240.0,7.5
POR @ SAC,Dec 20 10:00 PM,2025,98-93,236.0,4.0
LAL @ LAC,Dec 20 10:30 PM,2025,88-103,229.5,1.5
CHI @ ATL,Dec 21 3:30 PM,2025,152-150,248.0,-4.0
TOR @ BKN,Dec 21 6:00 PM,2025,81-96,216.0,3.5
MIA @ NYK,Dec 21 6:00 PM,2025,125-132,236.0,-7.0
MIL @ MIN,Dec 21 7:00 PM,2025,100-103,226.5,-12.0
SAS @ WAS,Dec 21 7:00 PM,2025,124-113,237.5,16.0
HOU @ SAC,Dec 21 10:00 PM,2025,124-125,223.0,12.0
CHA @ CLE,Dec 22 7:00 PM,2025,132-139,239.5,-9.5
IND @ BOS,Dec 22 7:30 PM,2025,95-103,225.5,-11.5
DAL @ NOP,Dec 22 8:00 PM,2025,113-119,241.0,-1.0
UTA @ DEN,Dec 22 9:00 PM,2025,112-135,251.0,-12.5
MEM @ OKC,Dec 22 9:30 PM,2025,103-119,234.0,-15.5
ORL @ GSW,Dec 22 10:00 PM,2025,97-120,228.0,-6.0
DET @ POR,Dec 22 10:00 PM,2025,110-102,235.0,6.5
WAS @ CHA,Dec 23 7:00 PM,2025,109-126,239.5,-6.5
BKN @ PHI,Dec 23 7:00 PM,2025,114-106,220.0,-9.5
CHI @ ATL,Dec 23 7:30 PM,2025,126-123,254.5,-3.5
NOP @ CLE,Dec 23 7:30 PM,2025,118-141,249.0,-10.0
MIL @ IND,Dec 23 7:30 PM,2025,111-94,217.0,-1.5
TOR @ MIA,Dec 23 7:30 PM,2025,112-91,227.5,-5.5
DEN @ DAL,Dec 23 8:00 PM,2025,130-131,236.5,6.0
NYK @ MIN,Dec 23 8:00 PM,2025,104-115,230.0,-7.0
OKC @ SAS,Dec 23 8:30 PM,2025,110-130,237.5,6.5
LAL @ PHX,Dec 23 9:00 PM,2025,108-132,226.0,-3.5
MEM @ UTA,Dec 23 9:00 PM,2025,137-128,242.0,4.0
ORL @ POR,Dec 23 10:00 PM,2025,110-106,231.0,1.5
DET @ SAC,Dec 23 10:00 PM,2025,136-127,226.0,9.5
HOU @ LAC,Dec 23 10:30 PM,2025,108-128,219.5,7.0
CLE @ NYK,Dec 25 12:00 PM,2025,124-126,241.5,-4.5
SAS @ OKC,Dec 25 2:30 PM,2025,117-102,234.5,-10.5
DAL @ GSW,Dec 25 5:00 PM,2025,116-126,231.5,-9.0
HOU @ LAL,Dec 25 8:00 PM,2025,119-96,231.5,-1.5
MIN @ DEN,Dec 25 10:30 PM,2025,138-142,239.0,-1.0
DAL @ SAC,Dec 27 5:00 PM,2025,107-113,233.5,-4.5
PHX @ NOP,Dec 27 7:00 PM,2025,123-114,241.0,4.5
DEN @ ORL,Dec 27 7:00 PM,2025,126-127,235.0,3.5
NYK @ ATL,Dec 27 8:00 PM,2025,128-125,244.5,6.0
MIL @ CHI,Dec 27 8:00 PM,2025,112-103,234.0,-2.5
CLE @ HOU,Dec 27 8:00 PM,2025,100-117,232.0,-2.5
IND @ MIA,Dec 27 8:00 PM,2025,116-142,233.5,-6.5
BKN @ MIN,Dec 27 8:00 PM,2025,123-107,224.0,-12.0
UTA @ SAS,Dec 27 8:00 PM,2025,127-114,244.0,-14.0
PHI @ OKC,Dec 28 3:30 PM,2025,104-129,226.0,-14.5
GSW @ TOR,Dec 28 3:30 PM,2025,127-141,227.5,4.5
BOS @ POR,Dec 28 6:00 PM,2025,108-114,231.5,6.5
MEM @ WAS,Dec 28 6:00 PM,2025,112-116,241.5,8.0
DET @ LAC,Dec 28 9:00 PM,2025,99-112,224.5,4.0
SAC @ LAL,Dec 28 9:30 PM,2025,101-125,231.5,-12.5
MIL @ CHA,Dec 29 7:00 PM,2025,123-113,227.5,3.0
PHX @ WAS,Dec 29 7:00 PM,2025,115-101,233.0,10.5
GSW @ BKN,Dec 29 7:30 PM,2025,120-107,226.5,6.0
DEN @ MIA,Dec 29 7:30 PM,2025,123-147,244.0,1.5
ORL @ TOR,Dec 29 7:30 PM,2025,106-107,220.5,2.0
MIN @ CHI,Dec 29 8:00 PM,2025,136-101,243.0,6.5
IND @ HOU,Dec 29 8:00 PM,2025,119-126,223.0,-12.0
NYK @ NOP,Dec 29 8:00 PM,2025,130-125,247.0,8.0
ATL @ OKC,Dec 29 8:00 PM,2025,129-140,232.5,-17.0
CLE @ SAS,Dec 29 8:00 PM,2025,113-101,243.0,-3.5
DAL @ POR,Dec 29 10:30 PM,2025,122-125,232.5,-2.5
PHI @ MEM,Dec 30 8:00 PM,2025,139-136,234.5,-1.0
BOS @ UTA,Dec 30 9:00 PM,2025,129-119,243.0,8.5
DET @ LAL,Dec 30 10:30 PM,2025,128-106,233.0,2.5
SAC @ LAC,Dec 30 11:00 PM,2025,90-131,218.5,-9.5
GSW @ CHA,Dec 31 1:00 PM,2025,132-125,234.5,8.0
MIN @ ATL,Dec 31 3:00 PM,2025,102-126,240.0,6.0
ORL @ IND,Dec 31 3:00 PM,2025,112-110,230.0,4.5
PHX @ CLE,Dec 31 3:30 PM,2025,113-129,233.0,-6.5
NOP @ CHI,Dec 31 7:00 PM,2025,118-134,250.0,-2.0
NYK @ SAS,Dec 31 7:00 PM,2025,132-134,236.0,-3.5
DEN @ TOR,Dec 31 7:30 PM,2025,106-103,229.5,-7.0
WAS @ MIL,Dec 31 8:00 PM,2025,114-113,234.5,-10.5
POR @ OKC,Dec 31 8:00 PM,2025,95-124,232.5,-16.0
HOU @ BKN,Jan 1 6:00 PM,2025,120-96,217.0,13.0
MIA @ DET,Jan 1 7:00 PM,2025,118-112,235.5,-4.5
PHI @ DAL,Jan 1 8:30 PM,2025,123-108,231.5,-1.0
BOS @ SAC,Jan 1 10:00 PM,2025,120-106,229.5,10.5
UTA @ LAC,Jan 1 10:30 PM,2025,101-118,230.5,-14.0
SAS @ IND,Jan 2 7:00 PM,2025,123-113,239.0,5.0
BKN @ WAS,Jan 2 7:00 PM,2025,99-119,224.0,-3.0
DEN @ CLE,Jan 2 7:30 PM,2025,108-113,239.5,-13.5
ATL @ NYK,Jan 2 7:30 PM,2025,111-99,239.5,-4.5
ORL @ CHI,Jan 2 8:00 PM,2025,114-121,233.5,5.0
CHA @ MIL,Jan 2 8:00 PM,2025,121-122,234.0,-6.0
POR @ NOP,Jan 2 8:00 PM,2025,122-109,240.5,3.5
SAC @ PHX,Jan 2 9:00 PM,2025,102-129,224.0,-13.5
OKC @ GSW,Jan 2 10:00 PM,2025,131-94,226.5,13.5
MEM @ LAL,Jan 2 10:30 PM,2025,121-128,241.5,-5.0
MIN @ MIA,Jan 3 5:00 PM,2025,125-115,235.5,2.5
PHI @ NYK,Jan 3 7:30 PM,2025,130-119,233.5,-3.5
ATL @ TOR,Jan 3 7:30 PM,2025,117-134,232.5,-5.0
CHA @ CHI,Jan 3 8:00 PM,2025,112-99,241.0,-2.5
POR @ SAS,Jan 3 8:00 PM,2025,115-110,236.5,-8.0
HOU @ DAL,Jan 3 8:30 PM,2025,104-110,227.5,8.0
UTA @ GSW,Jan 3 10:00 PM,2025,114-123,248.5,-12.5
BOS @ LAC,Jan 3 10:30 PM,2025,146-115,220.0,-1.5
DET @ CLE,Jan 4 2:00 PM,2025,114-110,239.5,-3.0
IND @ ORL,Jan 4 3:00 PM,2025,127-135,228.5,-6.5
DEN @ BKN,Jan 4 3:30 PM,2025,115-127,224.5,2.0
NOP @ MIA,Jan 4 6:00 PM,2025,106-125,246.5,-7.5
MIN @ WAS,Jan 4 6:00 PM,2025,141-115,240.0,11.0
OKC @ PHX,Jan 4 8:00 PM,2025,105-108,229.5,10.0
MIL @ SAC,Jan 4 9:00 PM,2025,115-98,227.5,6.5
MEM @ LAL,Jan 4 9:30 PM,2025,114-120,238.5,-6.0
NYK @ DET,Jan 5 7:00 PM,2025,90-121,233.0,1.0
CHI @ BOS,Jan 5 7:30 PM,2025,101-115,236.5,-10.5
ATL @ TOR,Jan 5 7:30 PM,2025,100-118,237.0,-2.5
PHX @ HOU,Jan 5 8:00 PM,2025,97-100,222.5,-8.5
CHA @ OKC,Jan 5 8:00 PM,2025,124-97,235.0,-15.5
DEN @ PHI,Jan 5 8:30 PM,2025,125-124,228.5,-15.0
GSW @ LAC,Jan 5 10:00 PM,2025,102-103,222.0,-1.0
UTA @ POR,Jan 5 10:00 PM,2025,117-137,242.0,-6.0
CLE @ IND,Jan 6 7:00 PM,2025,120-116,237.0,6.5
ORL @ WAS,Jan 6 7:00 PM,2025,112-120,235.0,7.5
SAS @ MEM,Jan 6 8:00 PM,2025,105-106,237.5,6.0
MIA @ MIN,Jan 6 8:00 PM,2025,94-122,238.0,-5.5
LAL @ NOP,Jan 6 8:00 PM,2025,111-103,245.5,5.5
DAL @ SAC,Jan 6 11:00 PM,2025,100-98,233.5,5.0
DEN @ BOS,Jan 7 7:00 PM,2025,114-110,230.5,-10.0
TOR @ CHA,Jan 7 7:00 PM,2025,97-96,229.5,2.5
CHI @ DET,Jan 7 7:00 PM,2025,93-108,227.5,-8.0
WAS @ PHI,Jan 7 7:00 PM,2025,110-131,234.5,-16.0
NOP @ ATL,Jan 7 7:30 PM,2025,100-117,246.5,-10.5
ORL @ BKN,Jan 7 7:30 PM,2025,104-103,221.0,2.0
LAC @ NYK,Jan 7 7:30 PM,2025,111-123,223.0,-5.0
PHX @ MEM,Jan 7 8:00 PM,2025,117-98,231.5,5.5
UTA @ OKC,Jan 7 8:00 PM,2025,125-129,243.0,-19.5
LAL @ SAS,Jan 7 9:30 PM,2025,91-107,233.5,-8.5
MIL @ GSW,Jan 7 10:00 PM,2025,113-120,228.5,-6.5
HOU @ POR,Jan 7 10:00 PM,2025,102-103,222.5,7.5
IND @ CHA,Jan 8 7:00 PM,2025,114-112,232.5,-4.5
CLE @ MIN,Jan 8 8:00 PM,2025,122-131,239.0,-3.0
DAL @ UTA,Jan 8 9:00 PM,2025,114-116,243.5,5.0
TOR @ BOS,Jan 9 7:00 PM,2025,117-125,224.0,-9.5
PHI @ ORL,Jan 9 7:00 PM,2025,103-91,227.0,3.0
NOP @ WAS,Jan 9 7:00 PM,2025,128-107,242.5,3.0
LAC @ BKN,Jan 9 7:30 PM,2025,121-105,215.0,6.0
OKC @ MEM,Jan 9 8:00 PM,2025,117-116,229.5,5.5
ATL @ DEN,Jan 9 9:00 PM,2025,110-87,229.5,-1.0
NYK @ PHX,Jan 9 9:00 PM,2025,107-112,229.0,1.0
SAC @ GSW,Jan 9 10:00 PM,2025,103-137,231.5,-15.0
HOU @ POR,Jan 9 10:00 PM,2025,105-111,222.0,7.0
MIL @ LAL,Jan 9 10:30 PM,2025,105-101,228.5,-3.5
MIN @ CLE,Jan 10 1:00 PM,2025,134-146,240.5,-2.5
MIA @ IND,Jan 10 7:00 PM,2025,99-123,237.0,6.5
LAC @ DET,Jan 10 7:30 PM,2025,98-92,214.5,-1.5
SAS @ BOS,Jan 10 8:00 PM,2025,100-95,230.5,-1.0
DAL @ CHI,Jan 10 8:00 PM,2025,107-125,233.5,-4.0
CHA @ UTA,Jan 10 9:30 PM,2025,150-95,241.0,6.0
NOP @ ORL,Jan 11 3:00 PM,2025,118-128,236.0,-7.5
BKN @ MEM,Jan 11 3:30 PM,2025,98-103,221.0,-7.5
NYK @ POR,Jan 11 6:00 PM,2025,123-114,230.0,5.5
PHI @ TOR,Jan 11 6:00 PM,2025,115-116,220.0,1.0
SAS @ MIN,Jan 11 7:00 PM,2025,103-104,233.0,-2.5
MIA @ OKC,Jan 11 7:00 PM,2025,112-124,234.0,-15.0
MIL @ DEN,Jan 11 8:00 PM,2025,104-108,218.5,6.0
WAS @ PHX,Jan 11 8:00 PM,2025,93-112,230.5,-15.0
ATL @ GSW,Jan 11 8:30 PM,2025,124-111,237.0,-7.5
HOU @ SAC,Jan 11 9:00 PM,2025,98-111,223.0,14.0
UTA @ CLE,Jan 12 7:00 PM,2025,123-112,249.5,-13.0
BOS @ IND,Jan 12 7:30 PM,2025,96-98,227.0,5.0
PHI @ TOR,Jan 12 7:30 PM,2025,115-102,221.0,3.0
BKN @ DAL,Jan 12 8:30 PM,2025,105-113,219.5,-3.5
LAL @ SAC,Jan 12 10:00 PM,2025,112-124,231.5,9.5
CHA @ LAC,Jan 12 10:30 PM,2025,109-117,222.5,-4.5
PHX @ MIA,Jan 13 7:30 PM,2025,121-127,232.5,-1.5
CHI @ HOU,Jan 13 8:00 PM,2025,113-119,224.5,-12.5
MIN @ MIL,Jan 13 8:00 PM,2025,139-106,229.5,-1.5
DEN @ NOP,Jan 13 8:00 PM,2025,122-116,235.5,2.0
SAS @ OKC,Jan 13 8:00 PM,2025,98-119,230.0,-8.5
ATL @ LAL,Jan 13 10:30 PM,2025,116-141,233.5,-1.5
POR @ GSW,Jan 13 11:00 PM,2025,97-119,225.5,-10.5
TOR @ IND,Jan 14 7:00 PM,2025,115-101,220.5,-1.0
CLE @ PHI,Jan 14 7:00 PM,2025,133-107,236.5,-1.0
UTA @ CHI,Jan 14 8:00 PM,2025,126-128,241.0,-5.5
BKN @ NOP,Jan 14 8:00 PM,2025,113-116,232.5,-1.0
DEN @ DAL,Jan 14 9:30 PM,2025,118-109,224.5,-1.5
NYK @ SAC,Jan 14 10:00 PM,2025,101-112,230.0,11.0
WAS @ LAC,Jan 14 10:30 PM,2025,105-119,227.0,-11.5
MEM @ ORL,Jan 15 2:00 PM,2025,111-118,227.5,-5.5
PHX @ DET,Jan 15 7:00 PM,2025,105-108,218.5,-7.5
OKC @ HOU,Jan 15 7:30 PM,2025,111-91,221.5,4.5
BOS @ MIA,Jan 15 7:30 PM,2025,119-114,234.5,2.5
MIL @ SAS,Jan 15 8:00 PM,2025,101-119,225.5,-7.0
UTA @ DAL,Jan 15 8:30 PM,2025,122-144,238.0,-2.5
NYK @ GSW,Jan 15 10:00 PM,2025,113-126,228.5,-7.5
ATL @ POR,Jan 15 10:00 PM,2025,101-117,230.0,4.0
CHA @ LAL,Jan 15 10:30 PM,2025,135-117,233.5,-3.0
NOP @ IND,Jan 16 7:00 PM,2025,119-127,241.5,-4.5
CLE @ PHI,Jan 16 7:00 PM,2025,117-115,233.5,-2.5
CHI @ BKN,Jan 16 7:30 PM,2025,109-112,224.5,-1.0
LAC @ TOR,Jan 16 7:30 PM,2025,121-117,213.5,-2.5
MIN @ HOU,Jan 16 9:30 PM,2025,105-110,221.5,-4.0
WAS @ SAC,Jan 16 10:00 PM,2025,115-128,235.0,-7.5
UTA @ DAL,Jan 17 5:00 PM,2025,120-138,240.5,-3.5
BOS @ ATL,Jan 17 7:30 PM,2025,132-106,230.5,3.5
IND @ DET,Jan 17 7:30 PM,2025,78-121,225.5,-15.5
PHX @ NYK,Jan 17 7:30 PM,2025,106-99,224.5,-1.0
OKC @ MIA,Jan 17 8:00 PM,2025,120-122,235.0,11.5
MIN @ SAS,Jan 17 8:00 PM,2025,123-126,234.5,-5.0
CHA @ GSW,Jan 17 8:30 PM,2025,116-136,236.5,-7.5
WAS @ DEN,Jan 17 9:00 PM,2025,115-121,227.5,-10.5
LAL @ POR,Jan 17 10:00 PM,2025,116-132,223.0,-3.5
ORL @ MEM,Jan 18 12:00 PM,2025,109-126,229.5,3.0
BKN @ CHI,Jan 18 7:00 PM,2025,102-124,223.5,-7.0
NOP @ HOU,Jan 18 7:00 PM,2025,110-119,232.5,-13.5
CHA @ DEN,Jan 18 8:00 PM,2025,110-87,226.5,-1.0
POR @ SAC,Jan 18 9:00 PM,2025,117-110,230.5,-1.5
TOR @ LAL,Jan 18 9:30 PM,2025,93-110,227.0,-2.5
MIL @ ATL,Jan 19 1:00 PM,2025,112-110,232.5,-1.5
OKC @ CLE,Jan 19 2:30 PM,2025,136-104,229.5,6.0
LAC @ WAS,Jan 19 3:00 PM,2025,110-106,227.0,6.5
DAL @ NYK,Jan 19 5:00 PM,2025,114-97,232.0,-12.5
UTA @ SAS,Jan 19 5:00 PM,2025,110-123,237.5,-16.5
IND @ PHI,Jan 19 7:00 PM,2025,104-113,230.0,-7.0
PHX @ BKN,Jan 19 7:30 PM,2025,126-117,214.5,9.0
BOS @ DET,Jan 19 8:00 PM,2025,103-104,223.0,-2.5
MIA @ GSW,Jan 19 10:00 PM,2025,112-135,239.5,-5.0
PHX @ PHI,Jan 20 7:00 PM,2025,116-110,222.5,-1.0
LAC @ CHI,Jan 20 8:00 PM,2025,110-138,225.0,-2.5
SAS @ HOU,Jan 20 8:00 PM,2025,106-111,220.5,-4.5
MIN @ UTA,Jan 20 9:00 PM,2025,122-127,239.0,12.5
LAL @ DEN,Jan 20 10:00 PM,2025,115-107,228.5,3.5
TOR @ GSW,Jan 20 10:00 PM,2025,145-127,225.0,-4.5
MIA @ SAC,Jan 20 10:00 PM,2025,130-117,238.5,4.0
CLE @ CHA,Jan 21 7:00 PM,2025,94-87,238.0,3.0
IND @ BOS,Jan 21 7:30 PM,2025,104-119,225.5,-10.5
BKN @ NYK,Jan 21 7:30 PM,2025,66-120,219.5,-12.5
ATL @ MEM,Jan 21 8:00 PM,2025,124-122,239.5,-1.5
DET @ NOP,Jan 21 8:00 PM,2025,112-104,233.0,7.5
OKC @ MIL,Jan 21 9:30 PM,2025,122-102,225.5,12.0
TOR @ SAC,Jan 21 10:00 PM,2025,122-109,226.5,5.5
CHA @ ORL,Jan 22 7:00 PM,2025,124-97,225.0,-4.0
HOU @ PHI,Jan 22 7:00 PM,2025,122-128,221.5,2.0
DEN @ WAS,Jan 22 7:00 PM,2025,107-97,227.5,6.5
GSW @ DAL,Jan 22 7:30 PM,2025,115-123,234.5,6.5
CHI @ MIN,Jan 22 8:00 PM,2025,120-115,239.5,-9.5
SAS @ UTA,Jan 22 9:00 PM,2025,126-109,239.0,12.5
LAL @ LAC,Jan 22 10:00 PM,2025,104-112,224.5,-2.5
MIA @ POR,Jan 22 10:00 PM,2025,110-127,235.0,-3.0
HOU @ DET,Jan 23 7:00 PM,2025,111-104,217.0,-4.0
PHX @ ATL,Jan 23 7:30 PM,2025,103-110,233.5,3.0
BOS @ BKN,Jan 23 7:30 PM,2025,130-126,215.0,8.0
SAC @ CLE,Jan 23 7:30 PM,2025,118-123,233.5,-13.0
NOP @ MEM,Jan 23 8:00 PM,2025,133-127,240.0,-5.0
IND @ OKC,Jan 23 8:00 PM,2025,117-114,226.5,-15.5
DEN @ MIL,Jan 23 9:30 PM,2025,102-100,213.5,-8.5
TOR @ POR,Jan 23 10:00 PM,2025,110-98,225.5,3.5
WAS @ CHA,Jan 24 12:00 PM,2025,115-119,231.5,-11.5
NYK @ PHI,Jan 24 3:00 PM,2025,112-109,228.0,-1.0
CLE @ ORL,Jan 24 7:00 PM,2025,119-105,225.5,-1.5
BOS @ CHI,Jan 24 8:00 PM,2025,111-114,232.0,-1.0
LAL @ DAL,Jan 24 8:30 PM,2025,116-110,233.5,4.0
MIA @ UTA,Jan 24 9:30 PM,2025,147-116,244.5,6.5
SAC @ DET,Jan 25 3:00 PM,2025,116-139,226.5,-13.0
GSW @ MIN,Jan 25 5:30 PM,2025,111-85,237.5,-5.0
TOR @ OKC,Jan 25 7:00 PM,2025,103-101,225.5,-11.0
NOP @ SAS,Jan 25 7:00 PM,2025,104-95,240.0,-11.5
MIA @ PHX,Jan 25 8:00 PM,2025,111-102,226.0,-4.5
BKN @ LAC,Jan 25 9:00 PM,2025,89-126,211.0,-10.5
IND @ ATL,Jan 26 1:30 PM,2025,116-132,234.5,-5.5
PHI @ CHA,Jan 26 3:00 PM,2025,93-130,229.0,-2.5
ORL @ CLE,Jan 26 7:00 PM,2025,98-114,222.0,-5.0
POR @ BOS,Jan 26 8:00 PM,2025,94-102,223.0,-8.5
LAL @ CHI,Jan 26 8:00 PM,2025,129-118,236.0,1.5
MEM @ HOU,Jan 26 8:00 PM,2025,99-108,225.5,-11.0
GSW @ MIN,Jan 26 9:30 PM,2025,83-108,226.0,-8.0
POR @ WAS,Jan 27 7:00 PM,2025,111-115,231.5,7.0
SAC @ NYK,Jan 27 7:30 PM,2025,87-103,225.5,-14.5
NOP @ OKC,Jan 27 8:00 PM,2025,95-104,233.5,-14.5
MIL @ PHI,Jan 27 8:00 PM,2025,122-139,219.5,-10.0
DET @ DEN,Jan 27 9:00 PM,2025,109-107,216.5,7.5
BKN @ PHX,Jan 27 9:00 PM,2025,102-106,210.5,-8.0
LAC @ UTA,Jan 27 10:00 PM,2025,115-103,234.5,8.5
LAL @ CLE,Jan 28 7:00 PM,2025,99-129,234.0,-3.5
CHI @ IND,Jan 28 7:00 PM,2025,110-113,235.5,2.0
ATL @ BOS,Jan 28 7:30 PM,2025,117-106,232.5,-5.5
ORL @ MIA,Jan 28 7:30 PM,2025,133-124,232.5,-3.5
NYK @ TOR,Jan 28 7:30 PM,2025,119-92,221.0,-2.0
CHA @ MEM,Jan 28 8:00 PM,2025,112-97,231.5,2.0
MIN @ DAL,Jan 28 8:30 PM,2025,118-105,229.0,8.5
GSW @ UTA,Jan 28 9:00 PM,2025,140-124,242.0,9.0
SAS @ HOU,Jan 28 9:30 PM,2025,111-99,220.5,-2.5
SAC @ PHI,Jan 29 7:00 PM,2025,111-113,228.5,-10.0
MIL @ WAS,Jan 29 7:00 PM,2025,99-109,224.0,2.0
HOU @ ATL,Jan 29 8:00 PM,2025,104-86,224.5,6.5
MIA @ CHI,Jan 29 8:00 PM,2025,116-113,238.0,-1.0
CHA @ DAL,Jan 29 8:30 PM,2025,123-121,226.5,3.0
BKN @ DEN,Jan 29 9:00 PM,2025,103-107,209.5,-6.0
DET @ PHX,Jan 29 9:00 PM,2025,96-114,214.5,3.5
OKC @ MIN,Jan 29 9:30 PM,2025,111-123,228.0,5.5
LAL @ WAS,Jan 30 7:00 PM,2025,142-111,229.5,10.5
SAC @ BOS,Jan 30 7:30 PM,2025,93-112,216.5,-12.0
MEM @ NOP,Jan 30 7:30 PM,2025,106-114,231.0,-3.5
POR @ NYK,Jan 30 7:30 PM,2025,97-127,224.0,-6.5
TOR @ ORL,Jan 30 7:30 PM,2025,120-130,222.0,-2.5
LAC @ DEN,Jan 30 9:00 PM,2025,109-122,219.0,2.5
CLE @ PHX,Jan 30 9:00 PM,2025,113-126,222.0,1.5
BKN @ UTA,Jan 30 9:30 PM,2025,109-99,226.0,-3.5
DET @ GSW,Jan 30 10:00 PM,2025,131-124,226.0,-2.0
SAS @ CHA,Jan 31 12:00 PM,2025,106-111,228.0,4.0
ATL @ IND,Jan 31 7:00 PM,2025,124-129,235.0,-1.5
NOP @ PHI,Jan 31 7:30 PM,2025,114-124,234.5,-6.5
MIN @ MEM,Jan 31 8:00 PM,2025,131-114,229.5,11.0
CHI @ MIA,Jan 31 8:00 PM,2025,125-118,231.5,-5.5
DAL @ HOU,Jan 31 8:30 PM,2025,107-111,223.0,-10.5
MIL @ BOS,Feb 1 3:30 PM,2025,79-107,217.5,-13.0
BKN @ DET,Feb 1 6:00 PM,2025,77-130,214.0,-13.5
CHI @ MIA,Feb 1 6:00 PM,2025,91-134,233.5,-5.5
UTA @ TOR,Feb 1 6:00 PM,2025,100-107,234.5,-10.0
SAC @ WAS,Feb 1 6:00 PM,2025,112-116,227.0,1.5
LAL @ NYK,Feb 1 7:00 PM,2025,100-112,227.5,-6.0
LAC @ PHX,Feb 1 8:00 PM,2025,117-93,209.5,-2.5
CLE @ POR,Feb 1 9:00 PM,2025,130-111,227.5,4.0
ORL @ SAS,Feb 1 9:00 PM,2025,103-112,225.5,-6.5
OKC @ DEN,Feb 1 9:30 PM,2025,121-111,225.5,7.0
NOP @ CHA,Feb 2 3:00 PM,2025,95-102,230.5,-6.5
HOU @ IND,Feb 2 7:00 PM,2025,118-114,218.5,6.5
MIN @ MEM,Feb 2 7:30 PM,2025,128-137,232.0,7.5
PHI @ LAC,Feb 2 10:00 PM,2025,128-113,219.5,-1.5
DEN @ DET,Feb 3 7:00 PM,2025,121-124,229.5,-5.0
UTA @ IND,Feb 3 7:00 PM,2025,131-122,232.5,-1.5
NYK @ WAS,Feb 3 7:00 PM,2025,132-101,227.5,13.0
LAL @ BKN,Feb 3 7:30 PM,2025,125-109,223.0,8.0
ATL @ MIA,Feb 3 7:30 PM,2025,127-115,236.0,-1.0
BOS @ DAL,Feb 3 8:00 PM,2025,110-100,223.0,7.0
CHI @ MIL,Feb 3 8:00 PM,2025,115-131,222.5,1.5
ORL @ OKC,Feb 3 8:00 PM,2025,92-128,222.5,-11.5
PHI @ GSW,Feb 3 10:00 PM,2025,113-94,223.0,-4.5
PHX @ POR,Feb 3 11:00 PM,2025,130-125,219.0,3.0
DEN @ NYK,Feb 4 7:00 PM,2025,127-134,228.5,-4.5
MIN @ TOR,Feb 4 7:30 PM,2025,128-126,228.5,-1.0
BOS @ HOU,Feb 4 8:00 PM,2025,114-93,210.5,-8.0
NOP @ MIL,Feb 4 8:00 PM,2025,137-141,223.5,4.5
OKC @ SAS,Feb 4 9:30 PM,2025,106-116,221.0,-9.5
MEM @ SAC,Feb 4 10:00 PM,2025,129-125,236.0,-3.0
CLE @ LAC,Feb 4 10:30 PM,2025,124-91,221.5,2.5
WAS @ DET,Feb 5 7:00 PM,2025,126-117,227.5,-17.0
BKN @ ORL,Feb 5 7:00 PM,2025,98-118,214.5,-9.5
UTA @ ATL,Feb 5 7:30 PM,2025,119-121,245.5,-8.5
CHI @ TOR,Feb 5 7:30 PM,2025,107-123,227.0,-7.5
CHA @ HOU,Feb 5 8:00 PM,2025,109-99,218.5,-4.5
SAS @ DAL,Feb 5 8:30 PM,2025,135-123,230.0,8.0
PHI @ LAL,Feb 5 10:00 PM,2025,115-119,236.5,-2.0
GSW @ PHX,Feb 5 10:00 PM,2025,101-97,213.0,-5.5
MIA @ BOS,Feb 6 7:30 PM,2025,96-98,227.5,-5.5
NYK @ DET,Feb 6 7:30 PM,2025,80-118,219.5,-5.5
IND @ MIL,Feb 6 8:00 PM,2025,99-105,224.0,-1.0
NOP @ MIN,Feb 6 8:00 PM,2025,119-115,237.0,-8.5
MEM @ POR,Feb 6 10:00 PM,2025,115-135,235.5,-9.0
LAC @ SAC,Feb 6 10:00 PM,2025,114-111,222.0,3.5
WAS @ BKN,Feb 7 3:00 PM,2025,113-127,217.0,-8.0
HOU @ OKC,Feb 7 3:30 PM,2025,112-106,213.5,-3.5
DAL @ SAS,Feb 7 6:00 PM,2025,125-138,233.5,-11.5
UTA @ ORL,Feb 7 7:00 PM,2025,117-120,234.5,-8.0
CHA @ ATL,Feb 7 7:30 PM,2025,126-119,232.5,1.5
DEN @ CHI,Feb 7 8:00 PM,2025,136-120,235.5,8.5
GSW @ LAL,Feb 7 8:30 PM,2025,99-105,220.0,-2.0
PHI @ PHX,Feb 7 9:00 PM,2025,109-103,225.0,-2.0
MEM @ POR,Feb 7 10:00 PM,2025,115-122,228.5,-9.5
CLE @ SAC,Feb 7 10:00 PM,2025,132-126,229.5,13.0
NYK @ BOS,Feb 8 12:30 PM,2025,111-89,215.0,-3.5
MIA @ WAS,Feb 8 2:00 PM,2025,132-101,235.5,13.0
LAC @ MIN,Feb 8 3:00 PM,2025,115-96,222.5,-8.5
IND @ TOR,Feb 8 3:00 PM,2025,104-122,226.0,-8.0
DET @ CHA,Feb 9 7:00 PM,2025,110-104,222.5,2.5
CHI @ BKN,Feb 9 7:30 PM,2025,115-123,218.5,3.5
UTA @ MIA,Feb 9 7:30 PM,2025,115-111,234.5,-5.5
MIL @ ORL,Feb 9 7:30 PM,2025,99-118,220.5,-9.5
ATL @ MIN,Feb 9 8:00 PM,2025,116-138,239.5,-8.5
SAC @ NOP,Feb 9 8:00 PM,2025,94-120,229.5,-9.5
CLE @ DEN,Feb 9 9:00 PM,2025,119-117,243.5,-2.5
MEM @ GSW,Feb 9 10:00 PM,2025,113-114,219.5,-8.5
OKC @ LAL,Feb 9 10:00 PM,2025,119-110,222.5,6.5
PHI @ POR,Feb 9 10:00 PM,2025,118-135,231.5,-3.5
IND @ NYK,Feb 10 7:30 PM,2025,137-134,227.0,-11.5
LAC @ HOU,Feb 10 8:00 PM,2025,95-102,213.0,-9.0
DAL @ PHX,Feb 10 9:00 PM,2025,111-120,230.0,-8.0
SAS @ LAL,Feb 10 10:30 PM,2025,136-108,226.0,13.5
ATL @ CHA,Feb 11 7:00 PM,2025,107-110,235.0,-2.0
WAS @ CLE,Feb 11 7:00 PM,2025,113-138,239.0,-17.5
MIL @ ORL,Feb 11 7:00 PM,2025,116-108,219.5,-10.5
IND @ BKN,Feb 11 7:30 PM,2025,115-110,215.0,-6.5
CHI @ BOS,Feb 11 7:30 PM,2025,105-124,226.5,-13.5
NYK @ PHI,Feb 11 7:30 PM,2025,138-89,225.0,-2.5
DET @ TOR,Feb 11 7:30 PM,2025,113-95,223.0,-1.0
LAC @ HOU,Feb 11 8:00 PM,2025,105-102,212.5,-8.5
POR @ MIN,Feb 11 8:00 PM,2025,109-133,238.0,-7.0
MIA @ NOP,Feb 11 8:00 PM,2025,123-111,233.0,-1.5
MEM @ DEN,Feb 11 9:00 PM,2025,116-122,239.5,-14.0
OKC @ PHX,Feb 11 9:00 PM,2025,136-109,212.0,8.0
SAC @ UTA,Feb 11 9:00 PM,2025,93-121,229.5,-6.0
SAS @ GSW,Feb 11 10:00 PM,2025,126-113,220.5,7.0
MIL @ OKC,Feb 12 7:30 PM,2025,110-93,214.5,-13.5
POR @ UTA,Feb 12 9:00 PM,2025,135-119,236.5,6.0
DAL @ LAL,Feb 12 10:00 PM,2025,104-124,237.5,-6.5
HOU @ CHA,Feb 19 7:00 PM,2025,105-101,218.0,4.5
BKN @ CLE,Feb 19 7:00 PM,2025,84-112,229.5,-16.0
ATL @ PHI,Feb 19 7:00 PM,2025,117-107,241.5,-1.5
IND @ WAS,Feb 19 7:00 PM,2025,105-112,233.0,2.0
DET @ NYK,Feb 19 7:30 PM,2025,126-111,219.0,-3.5
TOR @ CHI,Feb 19 8:00 PM,2025,110-101,235.0,6.0
PHX @ SAS,Feb 19 8:30 PM,2025,94-121,229.5,-8.0
BOS @ GSW,Feb 19 10:00 PM,2025,121-110,211.5,5.5
ORL @ SAC,Feb 19 10:00 PM,2025,131-94,226.5,8.5
DEN @ LAC,Feb 19 10:30 PM,2025,114-115,226.5,4.5
CLE @ CHA,Feb 20 7:00 PM,2025,118-113,228.5,5.5
UTA @ MEM,Feb 20 7:00 PM,2025,114-123,237.0,-2.5
IND @ WAS,Feb 20 7:00 PM,2025,118-131,230.5,-1.5
MIA @ ATL,Feb 20 7:30 PM,2025,128-97,244.0,3.5
DAL @ MIN,Feb 20 7:30 PM,2025,111-122,239.5,-14.0
MIL @ NOP,Feb 20 8:00 PM,2025,139-118,223.5,-4.5
BKN @ OKC,Feb 20 8:00 PM,2025,86-105,215.0,-16.5
LAC @ LAL,Feb 20 10:00 PM,2025,122-125,228.0,-7.5
DEN @ POR,Feb 20 10:00 PM,2025,157-103,241.0,-1.5
ORL @ PHX,Feb 21 5:00 PM,2025,110-113,218.0,-3.0
PHI @ NOP,Feb 21 7:00 PM,2025,111-126,235.5,3.5
DET @ CHI,Feb 21 8:00 PM,2025,126-110,234.5,10.5
MEM @ MIA,Feb 21 8:00 PM,2025,120-136,,-8.5
SAC @ SAS,Feb 21 8:00 PM,2025,122-139,230.5,-18.5
HOU @ NYK,Feb 21 8:30 PM,2025,106-108,220.5,-4.0
CLE @ OKC,Feb 22 1:00 PM,2025,113-121,228.0,4.0
BKN @ ATL,Feb 22 3:30 PM,2025,104-115,227.0,-9.5
DEN @ GSW,Feb 22 3:30 PM,2025,117-128,228.0,6.5
TOR @ MIL,Feb 22 3:30 PM,2025,122-94,219.0,4.0
DAL @ IND,Feb 22 5:00 PM,2025,134-130,237.5,-1.0
CHA @ WAS,Feb 22 6:00 PM,2025,129-112,224.0,10.5
BOS @ LAL,Feb 22 6:30 PM,2025,111-89,230.0,1.0
PHI @ MIN,Feb 22 7:00 PM,2025,135-108,239.5,-9.0
NYK @ CHI,Feb 22 8:00 PM,2025,105-99,234.5,9.5
POR @ PHX,Feb 22 8:00 PM,2025,92-77,225.0,3.5
ORL @ LAC,Feb 22 9:00 PM,2025,111-109,215.5,-4.5
SAS @ DET,Feb 23 7:00 PM,2025,114-103,232.5,-1.5
SAC @ MEM,Feb 23 8:00 PM,2025,123-114,233.0,-2.5
UTA @ HOU,Feb 23 9:30 PM,2025,105-125,228.5,-13.5
PHI @ IND,Feb 24 7:00 PM,2025,135-114,234.5,11.0
WAS @ ATL,Feb 24 7:30 PM,2025,98-119,236.5,-12.0
DAL @ BKN,Feb 24 7:30 PM,2025,123-114,226.5,1.5
NYK @ CLE,Feb 24 7:30 PM,2025,94-109,231.5,-4.0
OKC @ TOR,Feb 24 7:30 PM,2025,116-107,217.0,-1.0
CHA @ CHI,Feb 24 8:00 PM,2025,131-99,232.5,8.0
MIA @ MIL,Feb 24 8:00 PM,2025,117-128,228.5,6.5
GSW @ NOP,Feb 24 8:00 PM,2025,109-113,229.5,1.0
BOS @ PHX,Feb 24 9:00 PM,2025,97-81,207.0,5.5
MIN @ POR,Feb 24 10:00 PM,2025,124-121,234.5,6.5
ORL @ LAL,Feb 24 10:30 PM,2025,110-109,229.0,-6.0
OKC @ DET,Feb 25 7:30 PM,2025,116-124,221.0,-10.5
GSW @ MEM,Feb 25 7:30 PM,2025,133-112,226.5,4.0
SAS @ TOR,Feb 25 7:30 PM,2025,110-107,230.5,5.5
SAC @ HOU,Feb 25 8:00 PM,2025,97-128,222.0,-13.5
CLE @ MIL,Feb 25 8:00 PM,2025,116-118,220.5,3.0
BOS @ DEN,Feb 25 10:00 PM,2025,84-103,228.5,-3.5
CHA @ IND,Feb 26 7:00 PM,2025,133-109,229.5,12.5
MIA @ PHI,Feb 26 7:00 PM,2025,117-124,240.5,-2.0
WAS @ ATL,Feb 26 7:30 PM,2025,96-126,235.5,-10.5
SAS @ BKN,Feb 26 7:30 PM,2025,126-110,223.5,10.5
HOU @ ORL,Feb 26 7:30 PM,2025,113-108,214.5,2.5
POR @ CHI,Feb 26 8:00 PM,2025,121-112,234.5,4.0
SAC @ DAL,Feb 26 8:30 PM,2025,130-121,236.5,-7.5
LAL @ PHX,Feb 26 9:00 PM,2025,110-113,223.0,5.5
NOP @ UTA,Feb 26 9:00 PM,2025,129-118,245.5,6.5
MIN @ LAC,Feb 26 10:00 PM,2025,94-88,221.0,8.5
CLE @ DET,Feb 27 7:00 PM,2025,119-122,227.0,-8.5
BKN @ BOS,Feb 27 7:30 PM,2025,111-148,208.5,-16.5
NYK @ MIL,Feb 27 8:00 PM,2025,127-98,219.0,8.5
MEM @ DAL,Feb 27 8:30 PM,2025,124-105,241.0,-4.5
DEN @ OKC,Feb 27 9:30 PM,2025,121-127,235.0,-6.5
POR @ CHA,Feb 28 1:00 PM,2025,93-109,229.5,-6.5
HOU @ MIA,Feb 28 3:30 PM,2025,105-115,226.5,2.5
TOR @ WAS,Feb 28 7:00 PM,2025,134-125,229.5,13.5
LAL @ GSW,Feb 28 8:30 PM,2025,129-101,225.5,3.5
NOP @ UTA,Feb 28 9:30 PM,2025,115-105,244.5,5.5
SAS @ NYK,Mar 1 1:00 PM,2025,89-114,227.5,1.0
CLE @ BKN,Mar 1 3:30 PM,2025,106-102,224.0,12.0
MIL @ CHI,Mar 1 3:30 PM,2025,97-120,231.5,2.5
MIN @ DEN,Mar 1 3:30 PM,2025,117-108,240.5,-2.5
MEM @ IND,Mar 1 5:00 PM,2025,125-106,236.5,-1.0
POR @ ATL,Mar 1 6:00 PM,2025,101-135,235.5,-6.5
DET @ ORL,Mar 1 6:00 PM,2025,106-92,224.5,5.0
PHI @ BOS,Mar 1 8:00 PM,2025,98-114,220.0,-9.0
OKC @ DAL,Mar 1 8:00 PM,2025,100-87,236.0,16.5
NOP @ LAC,Mar 1 9:00 PM,2025,117-137,223.0,-8.5
SAC @ LAL,Mar 1 9:30 PM,2025,104-128,235.0,-13.0
HOU @ WAS,Mar 2 7:00 PM,2025,123-118,225.5,14.5
BOS @ MIL,Mar 2 7:30 PM,2025,108-81,216.0,2.5
DEN @ UTA,Mar 2 9:00 PM,2025,128-125,242.5,11.5
LAC @ GSW,Mar 2 10:00 PM,2025,114-101,216.5,1.0
DAL @ CHA,Mar 3 7:00 PM,2025,90-117,227.0,-13.0
DET @ CLE,Mar 3 7:00 PM,2025,109-113,228.0,2.5
WAS @ ORL,Mar 3 7:00 PM,2025,109-126,228.0,-15.5
BKN @ MIA,Mar 3 7:30 PM,2025,98-124,226.0,-12.5
NYK @ TOR,Mar 3 7:30 PM,2025,111-95,221.5,2.5
OKC @ CHI,Mar 3 8:00 PM,2025,116-108,231.0,9.5
MEM @ MIN,Mar 3 8:00 PM,2025,110-117,235.5,-14.5
SAS @ PHI,Mar 3 8:00 PM,2025,131-91,232.0,7.5
NOP @ LAL,Mar 3 10:30 PM,2025,101-110,243.0,-8.0
PHX @ SAC,Mar 3 11:00 PM,2025,114-103,224.0,9.5
OKC @ NYK,Mar 4 7:00 PM,2025,103-100,221.5,4.0
CHA @ BOS,Mar 4 7:30 PM,2025,118-89,215.0,-6.5
UTA @ PHI,Mar 4 7:30 PM,2025,102-106,237.5,-7.0
POR @ MEM,Mar 4 8:00 PM,2025,122-114,231.0,9.5
ATL @ MIL,Mar 4 9:30 PM,2025,131-113,232.5,-1.0
IND @ LAC,Mar 4 10:30 PM,2025,107-130,230.0,-11.5
DAL @ ORL,Mar 5 7:00 PM,2025,114-115,230.0,-7.5
UTA @ WAS,Mar 5 7:00 PM,2025,122-112,240.5,-4.0
GSW @ HOU,Mar 5 7:30 PM,2025,115-113,214.5,-9.5
BKN @ MIA,Mar 5 7:30 PM,2025,110-126,225.5,-12.5
TOR @ MIN,Mar 5 8:00 PM,2025,107-115,226.5,-5.0
DET @ SAS,Mar 5 8:00 PM,2025,106-121,227.5,-3.0
CHI @ PHX,Mar 5 9:00 PM,2025,105-103,225.5,-10.5
LAL @ DEN,Mar 5 10:00 PM,2025,113-120,240.5,-3.5
NOP @ SAC,Mar 5 10:00 PM,2025,133-123,236.0,7.0
DAL @ BOS,Mar 6 7:00 PM,2025,100-120,226.0,-15.0
MIA @ CHA,Mar 6 7:00 PM,2025,128-120,229.5,-7.5
POR @ HOU,Mar 6 8:00 PM,2025,99-106,221.0,-6.5
NYK @ DEN,Mar 6 9:00 PM,2025,142-103,229.5,-1.0
NOP @ PHX,Mar 6 9:00 PM,2025,116-118,228.0,-4.5
LAC @ SAS,Mar 6 9:30 PM,2025,112-116,221.5,-7.5
IND @ LAL,Mar 6 10:30 PM,2025,117-128,234.5,-9.0
ORL @ MIN,Mar 7 3:00 PM,2025,119-92,224.5,-6.5
PHI @ ATL,Mar 7 6:00 PM,2025,116-125,234.0,-6.5
BKN @ DET,Mar 7 6:00 PM,2025,107-105,214.5,-13.0
LAC @ MEM,Mar 7 8:00 PM,2025,123-120,229.0,7.5
UTA @ MIL,Mar 7 8:00 PM,2025,99-113,230.5,-9.5
GSW @ OKC,Mar 7 8:30 PM,2025,97-104,219.5,-12.0
BOS @ CLE,Mar 8 1:00 PM,2025,109-98,224.0,-1.5
NYK @ LAL,Mar 8 3:30 PM,2025,97-110,227.5,5.0
DET @ MIA,Mar 8 6:00 PM,2025,110-121,231.0,1.5
DAL @ TOR,Mar 8 6:00 PM,2025,92-122,233.5,-10.0
WAS @ NOP,Mar 8 7:00 PM,2025,118-138,244.5,-11.5
ORL @ MIL,Mar 8 8:00 PM,2025,130-91,217.0,6.5
HOU @ SAS,Mar 8 8:00 PM,2025,120-145,223.0,-5.5
IND @ POR,Mar 8 9:00 PM,2025,111-131,238.0,-9.5
CHI @ SAC,Mar 8 9:00 PM,2025,110-126,236.5,4.5
CHA @ PHX,Mar 8 10:00 PM,2025,99-111,218.5,4.5
PHI @ CLE,Mar 9 7:00 PM,2025,101-115,226.0,-14.0
MEM @ BKN,Mar 9 7:30 PM,2025,115-126,220.0,-1.5
DEN @ OKC,Mar 9 7:30 PM,2025,126-129,236.0,-3.5
GSW @ UTA,Mar 9 9:00 PM,2025,116-119,226.0,6.5
NYK @ LAC,Mar 9 10:00 PM,2025,118-126,221.0,1.5
MEM @ PHI,Mar 10 7:00 PM,2025,129-139,229.0,-4.5
DAL @ ATL,Mar 10 7:30 PM,2025,112-124,240.5,-10.0
DET @ BKN,Mar 10 7:30 PM,2025,138-100,216.5,15.5
WAS @ MIA,Mar 10 7:30 PM,2025,129-150,236.5,-15.5
TOR @ HOU,Mar 10 8:00 PM,2025,99-113,220.0,-4.5
PHX @ MIL,Mar 10 8:00 PM,2025,129-114,220.0,2.0
BOS @ SAS,Mar 10 8:00 PM,2025,116-125,221.5,-3.5
CHI @ GSW,Mar 10 10:00 PM,2025,130-124,227.0,-5.5
CHA @ POR,Mar 10 10:00 PM,2025,103-101,227.5,2.5
IND @ SAC,Mar 10 10:00 PM,2025,109-114,236.5,-3.5
MIN @ LAL,Mar 10 11:00 PM,2025,106-120,229.0,3.0
CLE @ ORL,Mar 11 7:30 PM,2025,122-128,226.5,3.5
TOR @ NOP,Mar 11 8:00 PM,2025,111-122,235.5,-1.0
NYK @ UTA,Mar 11 9:00 PM,2025,134-117,231.5,14.0
HOU @ DEN,Mar 11 10:00 PM,2025,93-129,232.0,-7.0
CHA @ SAC,Mar 11 10:00 PM,2025,117-109,224.0,14.5
MIN @ LAC,Mar 11 10:30 PM,2025,128-153,226.0,-2.0
PHI @ DET,Mar 12 7:00 PM,2025,109-131,224.0,-14.5
PHX @ IND,Mar 12 7:00 PM,2025,123-108,223.0,9.0
WAS @ ORL,Mar 12 7:00 PM,2025,131-136,236.0,-14.0
BKN @ ATL,Mar 12 7:30 PM,2025,97-108,226.5,-15.5
MIL @ MIA,Mar 12 7:30 PM,2025,105-112,234.5,-5.5
DAL @ MEM,Mar 12 8:00 PM,2025,120-112,239.5,5.5
DEN @ SAS,Mar 12 9:00 PM,2025,136-131,241.5,-3.0
BOS @ OKC,Mar 12 9:30 PM,2025,102-104,216.5,-8.5
CHI @ LAL,Mar 12 10:30 PM,2025,130-142,240.5,-11.0
CLE @ DAL,Mar 13 7:30 PM,2025,138-105,236.5,13.0
MEM @ DET,Mar 13 7:30 PM,2025,110-126,232.5,-16.5
NYK @ IND,Mar 13 7:30 PM,2025,101-92,228.0,12.5
PHX @ TOR,Mar 13 7:30 PM,2025,115-122,220.5,-5.5
NOP @ HOU,Mar 13 8:00 PM,2025,105-107,230.5,-5.5
MIN @ GSW,Mar 13 10:00 PM,2025,127-117,223.5,5.0
UTA @ POR,Mar 13 10:00 PM,2025,114-124,235.5,-15.5
CHI @ LAC,Mar 13 10:30 PM,2025,108-119,235.5,-13.5
BKN @ PHI,Mar 14 1:00 PM,2025,97-104,217.5,-8.5
MIL @ ATL,Mar 14 3:00 PM,2025,99-122,228.5,-10.5
CHA @ SAS,Mar 14 3:30 PM,2025,102-115,232.0,-6.5
WAS @ BOS,Mar 14 6:00 PM,2025,100-111,233.0,-20.5
ORL @ MIA,Mar 14 8:00 PM,2025,121-117,237.0,-4.5
DEN @ LAL,Mar 14 8:30 PM,2025,125-127,245.0,1.5
SAC @ LAC,Mar 14 10:30 PM,2025,118-109,231.5,-13.5
MIN @ OKC,Mar 15 1:00 PM,2025,103-116,228.0,-8.5
DAL @ CLE,Mar 15 3:30 PM,2025,130-120,233.5,-15.0
IND @ MIL,Mar 15 3:30 PM,2025,123-134,228.0,-7.5
DET @ TOR,Mar 15 3:30 PM,2025,108-119,224.5,3.0
POR @ PHI,Mar 15 6:00 PM,2025,103-109,229.5,8.5
GSW @ NYK,Mar 15 8:00 PM,2025,107-110,218.5,-15.0
UTA @ SAC,Mar 15 10:00 PM,2025,111-116,230.5,-3.5
ORL @ ATL,Mar 16 7:00 PM,2025,112-124,232.0,-3.0
GSW @ WAS,Mar 16 7:00 PM,2025,125-117,234.5,7.5
POR @ BKN,Mar 16 7:30 PM,2025,114-95,221.5,10.5
PHX @ BOS,Mar 16 7:30 PM,2025,112-120,216.5,-9.0
MEM @ CHI,Mar 16 8:00 PM,2025,107-132,243.5,-7.5
DAL @ NOP,Mar 16 8:00 PM,2025,111-129,240.5,-8.5
LAL @ HOU,Mar 16 9:30 PM,2025,100-92,223.0,-1.0
SAS @ LAC,Mar 16 10:00 PM,2025,119-115,234.0,8.0
MIA @ CHA,Mar 17 7:00 PM,2025,106-136,236.5,-5.0
OKC @ ORL,Mar 17 7:00 PM,2025,113-108,224.0,9.5
DET @ WAS,Mar 17 7:00 PM,2025,130-117,233.5,19.5
IND @ NYK,Mar 17 7:30 PM,2025,110-136,223.5,-13.5
CLE @ MIL,Mar 17 8:00 PM,2025,123-116,226.5,12.5
PHX @ MIN,Mar 17 8:00 PM,2025,104-116,221.0,-3.5
PHI @ DEN,Mar 17 10:00 PM,2025,96-124,236.0,-15.5
SAS @ SAC,Mar 17 10:00 PM,2025,132-104,233.5,13.5
GSW @ BOS,Mar 18 7:00 PM,2025,99-120,216.5,-11.5
OKC @ BKN,Mar 18 7:30 PM,2025,121-92,216.0,19.0
POR @ IND,Mar 18 7:30 PM,2025,127-119,232.5,11.5
TOR @ CHI,Mar 18 8:00 PM,2025,139-109,237.0,7.5
UTA @ MIN,Mar 18 8:00 PM,2025,111-147,231.5,-13.0
LAC @ NOP,Mar 18 8:00 PM,2025,109-124,236.5,-1.5
ATL @ DAL,Mar 18 8:30 PM,2025,135-120,239.0,8.0
DEN @ MEM,Mar 18 8:30 PM,2025,118-125,246.5,12.0
LAL @ HOU,Mar 18 9:30 PM,2025,124-116,222.5,-2.0
ORL @ CHA,Mar 19 7:00 PM,2025,111-130,227.0,-5.5
DET @ WAS,Mar 19 7:00 PM,2025,117-95,231.5,14.0
CLE @ CHI,Mar 19 8:00 PM,2025,115-110,236.5,9.5
LAL @ MIA,Mar 19 8:00 PM,2025,134-126,241.5,-3.5
LAC @ NOP,Mar 19 8:00 PM,2025,99-105,228.5,-4.0
PHX @ SAS,Mar 19 8:00 PM,2025,100-101,227.5,-10.0
MIL @ UTA,Mar 19 9:00 PM,2025,96-128,227.5,6.0
PHI @ SAC,Mar 19 10:00 PM,2025,139-118,228.0,2.5
NYK @ BKN,Mar 20 7:30 PM,2025,93-92,214.5,18.5
GSW @ DET,Mar 20 7:30 PM,2025,101-115,219.0,-6.0
ATL @ HOU,Mar 20 8:00 PM,2025,95-117,228.0,-3.0
BOS @ MEM,Mar 20 8:00 PM,2025,117-112,230.5,15.5
POR @ MIN,Mar 20 8:00 PM,2025,108-104,231.5,0.0
TOR @ DEN,Mar 20 9:00 PM,2025,115-121,239.0,-6.5
OKC @ WAS,Mar 21 5:00 PM,2025,132-111,231.0,21.5
MEM @ CHA,Mar 21 7:00 PM,2025,101-124,233.0,-18.5
CLE @ NOP,Mar 21 7:00 PM,2025,111-106,237.5,5.0
LAL @ ORL,Mar 21 7:00 PM,2025,105-104,234.0,3.0
GSW @ ATL,Mar 21 8:00 PM,2025,110-126,228.0,-7.5
MIA @ HOU,Mar 21 8:00 PM,2025,122-123,228.5,-2.5
IND @ SAS,Mar 21 8:00 PM,2025,119-134,235.5,-16.0
LAC @ DAL,Mar 21 8:30 PM,2025,138-131,233.5,7.5
PHI @ UTA,Mar 21 9:30 PM,2025,126-116,228.5,5.5
MIL @ PHX,Mar 21 10:00 PM,2025,108-105,218.0,-11.5
POR @ DEN,Mar 22 5:00 PM,2025,112-128,237.0,-8.0
BKN @ SAC,Mar 22 6:00 PM,2025,122-126,218.5,-7.0
WAS @ NYK,Mar 22 7:30 PM,2025,113-145,229.0,-22.0
MIN @ BOS,Mar 22 8:00 PM,2025,102-92,222.5,-10.0
TOR @ PHX,Mar 22 9:00 PM,2025,98-120,219.5,4.5
LAL @ DET,Mar 23 7:00 PM,2025,110-113,224.0,1.5
SAS @ MIA,Mar 23 7:00 PM,2025,136-111,244.5,3.5
IND @ ORL,Mar 23 7:00 PM,2025,128-126,233.5,-10.5
OKC @ PHI,Mar 23 7:00 PM,2025,123-103,226.5,16.0
MEM @ ATL,Mar 23 7:30 PM,2025,107-146,239.0,-13.5
HOU @ CHI,Mar 23 8:00 PM,2025,124-132,232.5,9.0
TOR @ UTA,Mar 23 9:00 PM,2025,143-127,230.5,9.0
GSW @ DAL,Mar 23 9:30 PM,2025,137-131,230.0,2.5
BKN @ POR,Mar 23 10:00 PM,2025,99-134,218.5,-15.5
MIL @ LAC,Mar 23 10:30 PM,2025,96-129,221.5,-13.5
SAC @ CHA,Mar 24 7:00 PM,2025,90-134,232.0,-18.0
NOP @ NYK,Mar 24 7:30 PM,2025,116-121,228.5,-8.5
ORL @ CLE,Mar 24 8:00 PM,2025,131-136,230.0,-10.5
DEN @ PHX,Mar 24 11:00 PM,2025,125-123,233.5,6.0
ATL @ DET,Mar 25 7:00 PM,2025,130-129,229.5,-2.5
LAL @ IND,Mar 25 7:00 PM,2025,137-130,241.0,8.5
CHI @ PHI,Mar 25 7:00 PM,2025,137-157,241.0,-6.0
OKC @ BOS,Mar 25 7:30 PM,2025,109-119,222.0,2.0
MIA @ CLE,Mar 25 7:30 PM,2025,120-103,243.0,-2.5
SAS @ MEM,Mar 25 8:00 PM,2025,123-98,235.0,17.0
WAS @ UTA,Mar 25 9:00 PM,2025,133-110,239.5,-3.0
HOU @ MIN,Mar 25 9:30 PM,2025,108-110,223.5,2.0
DAL @ DEN,Mar 25 10:00 PM,2025,135-142,246.0,-10.5
BKN @ GSW,Mar 25 10:00 PM,2025,106-109,218.0,-12.5
MIL @ POR,Mar 25 10:00 PM,2025,99-130,226.0,-15.5
TOR @ LAC,Mar 25 10:30 PM,2025,94-119,226.5,-4.0
NYK @ CHA,Mar 26 7:00 PM,2025,103-114,224.0,-2.5
NOP @ DET,Mar 26 7:00 PM,2025,108-129,226.0,-4.5
SAC @ ORL,Mar 26 7:00 PM,2025,117-121,230.5,-15.5
LAC @ IND,Mar 27 7:00 PM,2025,114-113,236.5,9.0
ATL @ BOS,Mar 27 7:30 PM,2025,102-109,223.5,-5.0
MIA @ CLE,Mar 27 7:30 PM,2025,128-149,241.0,-5.5
HOU @ MEM,Mar 27 8:00 PM,2025,119-109,227.5,14.0
CHI @ OKC,Mar 27 8:00 PM,2025,113-131,242.0,-19.0
NOP @ TOR,Mar 27 8:30 PM,2025,106-119,229.0,-8.0
UTA @ DEN,Mar 27 9:00 PM,2025,129-135,247.5,-20.0
WAS @ GSW,Mar 27 10:00 PM,2025,126-131,231.5,-12.0
DAL @ POR,Mar 27 10:00 PM,2025,100-93,241.5,-10.5
BKN @ LAL,Mar 27 10:30 PM,2025,99-116,225.0,-18.5
SAS @ MIL,Mar 28 3:00 PM,2025,127-95,227.5,17.5
DET @ MIN,Mar 28 5:30 PM,2025,109-87,222.0,-1.5
PHI @ CHA,Mar 28 6:00 PM,2025,118-114,232.5,-6.5
SAC @ ATL,Mar 28 7:30 PM,2025,113-123,234.5,-13.5
CHI @ MEM,Mar 28 8:00 PM,2025,124-125,247.5,5.0
UTA @ PHX,Mar 28 10:00 PM,2025,109-134,232.5,-17.0
LAC @ MIL,Mar 29 3:30 PM,2025,127-113,220.5,17.5
MIA @ IND,Mar 29 5:00 PM,2025,118-135,245.5,8.5
SAC @ BKN,Mar 29 6:00 PM,2025,99-116,217.0,-1.5
BOS @ CHA,Mar 29 6:00 PM,2025,114-99,217.0,-2.5
WAS @ POR,Mar 29 6:00 PM,2025,88-123,236.0,-16.5
ORL @ TOR,Mar 29 6:00 PM,2025,87-139,226.5,-1.5
HOU @ NOP,Mar 29 7:00 PM,2025,134-102,226.5,6.0
NYK @ OKC,Mar 29 7:30 PM,2025,100-111,223.5,-8.0
GSW @ DEN,Mar 29 10:00 PM,2025,93-116,238.0,-11.5
PHI @ MIA,Mar 30 7:00 PM,2025,109-119,243.0,2.0
BOS @ ATL,Mar 30 7:30 PM,2025,102-112,226.0,-2.5
PHX @ MEM,Mar 30 8:00 PM,2025,131-105,228.5,12.5
CHI @ SAS,Mar 30 8:00 PM,2025,114-129,246.5,-18.0
MIN @ DAL,Mar 30 8:30 PM,2025,124-94,236.5,8.5
CLE @ UTA,Mar 30 9:00 PM,2025,122-113,241.5,16.5
DET @ OKC,Mar 30 9:30 PM,2025,110-114,217.5,-12.0
WAS @ LAL,Mar 30 10:00 PM,2025,101-120,236.0,-16.0
PHX @ ORL,Mar 31 7:00 PM,2025,111-115,225.5,-2.0
CHA @ BKN,Mar 31 7:30 PM,2025,117-86,219.5,18.0
TOR @ DET,Mar 31 8:00 PM,2025,116-127,220.5,-3.5
NYK @ HOU,Mar 31 8:00 PM,2025,94-111,218.5,1.5
DAL @ MIL,Mar 31 8:00 PM,2025,99-123,231.5,2.5
CLE @ LAL,Mar 31 10:30 PM,2025,113-127,236.0,-2.0
POR @ LAC,Mar 31 11:00 PM,2025,114-104,225.5,-4.5
ATL @ ORL,Apr 1 7:00 PM,2025,130-101,235.5,2.5
PHI @ WAS,Apr 1 7:00 PM,2025,153-131,238.0,14.0
BOS @ MIA,Apr 1 7:30 PM,2025,147-129,229.5,4.5
IND @ CHI,Apr 1 8:00 PM,2025,145-126,247.0,-4.0
MIL @ HOU,Apr 1 8:00 PM,2025,113-119,216.5,-19.5
NYK @ MEM,Apr 1 8:00 PM,2025,130-119,225.0,14.0
SAC @ TOR,Apr 1 8:00 PM,2025,123-115,228.5,-12.5
DEN @ UTA,Apr 1 9:00 PM,2025,130-117,249.5,17.0
SAS @ GSW,Apr 1 10:00 PM,2025,127-113,227.5,14.5
PHX @ CHA,Apr 2 7:00 PM,2025,107-127,227.5,-5.5
MIN @ DET,Apr 2 7:00 PM,2025,108-113,220.5,-5.5
LAL @ OKC,Apr 2 9:30 PM,2025,96-139,233.0,-9.5
CLE @ GSW,Apr 2 10:00 PM,2025,118-111,231.0,10.5
NOP @ POR,Apr 2 10:00 PM,2025,106-118,235.5,-6.0
SAS @ LAC,Apr 2 10:30 PM,2025,118-99,232.0,-2.5
IND @ CHA,Apr 3 7:00 PM,2025,108-129,234.5,-15.5
MIN @ PHI,Apr 3 7:00 PM,2025,103-115,234.0,-3.5
ATL @ BKN,Apr 3 7:30 PM,2025,141-107,226.0,16.5
CHI @ NYK,Apr 3 7:30 PM,2025,96-136,237.0,-13.5
UTA @ HOU,Apr 3 8:00 PM,2025,106-140,232.5,-18.5
TOR @ MEM,Apr 3 8:00 PM,2025,128-96,233.5,14.5
BOS @ MIL,Apr 3 8:00 PM,2025,133-101,218.5,18.0
ORL @ DAL,Apr 3 8:30 PM,2025,138-127,239.5,7.0
NOP @ SAC,Apr 3 10:00 PM,2025,113-117,232.0,6.5
SAS @ DEN,Apr 4 3:00 PM,2025,134-136,244.5,1.5
WAS @ MIA,Apr 4 3:00 PM,2025,136-152,246.0,-18.5
DET @ PHI,Apr 4 7:00 PM,2025,116-93,226.0,-1.5
WAS @ BKN,Apr 5 3:30 PM,2025,115-121,231.0,-3.0
TOR @ BOS,Apr 5 3:30 PM,2025,101-115,221.5,-9.0
PHX @ CHI,Apr 5 3:30 PM,2025,120-110,243.5,11.5
MEM @ MIL,Apr 5 3:30 PM,2025,115-131,229.5,-7.0
IND @ CLE,Apr 5 6:00 PM,2025,108-117,240.0,-16.5
CHA @ MIN,Apr 5 7:00 PM,2025,122-108,225.5,-1.5
ORL @ NOP,Apr 5 7:00 PM,2025,112-108,236.5,6.5
UTA @ OKC,Apr 5 7:00 PM,2025,111-146,239.5,-25.5
LAL @ DAL,Apr 5 7:30 PM,2025,128-134,234.5,1.5
LAC @ SAC,Apr 5 9:00 PM,2025,138-109,228.5,13.5
HOU @ GSW,Apr 5 10:00 PM,2025,117-116,228.0,3.5
NYK @ ATL,Apr 6 7:00 PM,2025,108-105,226.5,-1.5
DET @ ORL,Apr 6 7:00 PM,2025,107-123,222.5,1.0
CLE @ MEM,Apr 6 8:00 PM,2025,142-126,231.5,13.5
PHI @ SAS,Apr 6 8:00 PM,2025,102-115,237.0,-8.5
POR @ DEN,Apr 6 9:00 PM,2025,132-137,236.5,-6.5
MIN @ IND,Apr 7 7:00 PM,2025,124-104,235.5,13.0
CHI @ WAS,Apr 7 7:00 PM,2025,129-98,249.5,6.0
MIL @ BKN,Apr 7 7:30 PM,2025,90-96,218.0,1.5
MIA @ TOR,Apr 7 7:30 PM,2025,95-121,241.0,-2.5
CHA @ BOS,Apr 7 8:00 PM,2025,102-113,221.0,-4.5
UTA @ NOP,Apr 7 8:00 PM,2025,137-156,243.0,-6.5
SAC @ GSW,Apr 7 10:00 PM,2025,105-110,232.5,-14.5
DAL @ LAC,Apr 7 10:30 PM,2025,103-116,235.5,-12.0
OKC @ LAL,Apr 7 10:30 PM,2025,123-87,221.5,18.0
HOU @ PHX,Apr 7 11:00 PM,2025,119-105,221.5,-1.0
ATL @ CLE,Apr 8 7:00 PM,2025,116-122,237.5,-4.0
MIL @ DET,Apr 8 7:00 PM,2025,111-137,222.5,-22.5
MIN @ ORL,Apr 8 7:00 PM,2025,120-132,233.5,-12.0
MEM @ DEN,Apr 8 9:00 PM,2025,119-136,247.0,-23.5
POR @ SAS,Apr 8 9:30 PM,2025,101-112,229.5,-3.0
OKC @ LAC,Apr 8 10:00 PM,2025,128-110,223.5,8.5
DAL @ PHX,Apr 8 10:00 PM,2025,107-112,234.5,-12.5
MIA @ TOR,Apr 9 7:00 PM,2025,114-128,236.0,-4.0
CHI @ WAS,Apr 9 7:00 PM,2025,119-108,249.5,7.0
IND @ BKN,Apr 9 7:30 PM,2025,123-94,224.5,3.0
BOS @ NYK,Apr 9 7:30 PM,2025,106-112,211.5,-3.5
PHI @ HOU,Apr 9 8:00 PM,2025,102-113,226.5,-6.0
LAL @ GSW,Apr 9 10:00 PM,2025,119-103,222.0,-1.5
CLE @ ATL,Apr 10 7:00 PM,2025,102-124,232.5,-8.0
DET @ CHA,Apr 10 7:00 PM,2025,118-100,225.5,-5.5
MIA @ WAS,Apr 10 7:00 PM,2025,140-117,244.0,16.0
NOP @ BOS,Apr 10 7:30 PM,2025,118-144,227.0,-18.0
PHI @ IND,Apr 10 7:30 PM,2025,105-94,234.5,14.0
TOR @ NYK,Apr 10 7:30 PM,2025,95-112,218.5,-6.5
ORL @ CHI,Apr 10 8:00 PM,2025,127-103,246.0,16.5
BKN @ MIL,Apr 10 8:00 PM,2025,108-125,218.0,-10.5
DAL @ SAS,Apr 10 8:00 PM,2025,120-139,236.5,-18.5
OKC @ DEN,Apr 10 9:00 PM,2025,107-127,223.0,-2.5
MIN @ HOU,Apr 10 9:30 PM,2025,136-132,227.5,-9.5
MEM @ UTA,Apr 10 9:30 PM,2025,101-147,248.0,-5.0
LAC @ POR,Apr 10 10:00 PM,2025,97-116,226.5,-1.5
GSW @ SAC,Apr 10 10:00 PM,2025,118-124,228.5,11.0
PHX @ LAL,Apr 10 10:30 PM,2025,73-101,217.0,2.5
ORL @ BOS,Apr 12 6:00 PM,2025,108-113,222.5,13.5
WAS @ CLE,Apr 12 6:00 PM,2025,117-130,234.0,-10.5
DET @ IND,Apr 12 6:00 PM,2025,133-121,231.5,16.5
ATL @ MIA,Apr 12 6:00 PM,2025,117-143,240.5,-10.5
CHA @ NYK,Apr 12 6:00 PM,2025,110-96,217.0,14.5
MIL @ PHI,Apr 12 6:00 PM,2025,106-126,225.0,-16.0
BKN @ TOR,Apr 12 6:00 PM,2025,101-136,218.5,-24.0
CHI @ DAL,Apr 12 8:30 PM,2025,128-149,250.0,-5.0
MEM @ HOU,Apr 12 8:30 PM,2025,101-132,231.5,-14.5
GSW @ LAC,Apr 12 8:30 PM,2025,110-115,229.5,-3.5
UTA @ LAL,Apr 12 8:30 PM,2025,107-131,239.0,-14.5
NOP @ MIN,Apr 12 8:30 PM,2025,126-132,239.0,-3.5
PHX @ OKC,Apr 12 8:30 PM,2025,135-103,213.0,-7.5
SAC @ POR,Apr 12 8:30 PM,2025,110-122,226.5,-19.0
DEN @ SAS,Apr 12 8:30 PM,2025,128-118,235.0,-9.5
MIA @ CHA,Apr 14 7:30 PM,2025,126-127,228.5,-6.0
POR @ PHX,Apr 14 10:00 PM,2025,114-110,215.5,-3.0
ORL @ PHI,Apr 15 7:30 PM,2025,97-109,223.5,-1.0
GSW @ LAC,Apr 15 10:00 PM,2025,126-121,220.5,-5.5
CHA @ ORL,Apr 17 7:30 PM,2025,90-121,218.0,2.5
GSW @ PHX,Apr 17 10:00 PM,2025,96-111,219.5,-2.5
TOR @ CLE,Apr 18 1:00 PM,2025,113-126,221.5,-8.5
MIN @ DEN,Apr 18 3:30 PM,2025,105-116,233.0,-7.0
ATL @ NYK,Apr 18 6:00 PM,2025,102-113,218.5,-6.0
HOU @ LAL,Apr 18 8:30 PM,2025,98-107,208.5,2.5
PHI @ BOS,Apr 19 1:00 PM,2025,91-123,216.0,-13.0
PHX @ OKC,Apr 19 3:30 PM,2025,84-119,216.0,-16.5
ORL @ DET,Apr 19 6:30 PM,2025,112-101,220.5,-8.5
POR @ SAS,Apr 19 9:00 PM,2025,98-111,222.5,-12.0
TOR @ CLE,Apr 20 7:00 PM,2025,105-115,222.0,-9.5
ATL @ NYK,Apr 20 8:00 PM,2025,107-106,218.0,-6.0
MIN @ DEN,Apr 20 10:30 PM,2025,119-114,232.5,-7.5
PHI @ BOS,Apr 21 7:00 PM,2025,111-97,218.0,-13.5
POR @ SAS,Apr 21 8:00 PM,2025,106-103,221.5,-11.0
HOU @ LAL,Apr 21 10:30 PM,2025,94-101,209.0,6.0
ORL @ DET,Apr 22 7:00 PM,2025,83-98,219.0,-9.0
PHX @ OKC,Apr 22 9:30 PM,2025,107-120,216.0,-17.5
NYK @ ATL,Apr 23 7:00 PM,2025,108-109,214.5,1.0
CLE @ TOR,Apr 23 8:00 PM,2025,104-126,221.0,2.5
DEN @ MIN,Apr 23 9:30 PM,2025,96-113,232.0,-1.0
BOS @ PHI,Apr 24 7:00 PM,2025,108-100,215.5,9.0
LAL @ HOU,Apr 24 8:00 PM,2025,112-108,205.5,-7.5
SAS @ POR,Apr 24 10:30 PM,2025,120-108,220.5,1.5
DET @ ORL,Apr 25 1:00 PM,2025,105-113,215.0,2.0
OKC @ PHX,Apr 25 3:30 PM,2025,121-109,212.5,8.5
NYK @ ATL,Apr 25 6:00 PM,2025,114-98,215.0,2.0
DEN @ MIN,Apr 25 8:30 PM,2025,96-112,228.5,-1.0
CLE @ TOR,Apr 26 1:00 PM,2025,89-93,219.0,4.5
SAS @ POR,Apr 26 3:30 PM,2025,114-93,217.0,5.0
BOS @ PHI,Apr 26 7:00 PM,2025,128-96,212.5,6.0
LAL @ HOU,Apr 26 9:30 PM,2025,96-115,206.5,-4.0
DET @ ORL,Apr 27 8:00 PM,2025,88-94,214.0,3.5
OKC @ PHX,Apr 27 9:30 PM,2025,131-122,215.5,11.0
MIN @ DEN,Apr 27 10:30 PM,2025,113-125,226.5,-11.5
PHI @ BOS,Apr 28 7:00 PM,2025,113-97,214.5,-10.0
ATL @ NYK,Apr 28 8:00 PM,2025,97-126,214.5,-6.5
POR @ SAS,Apr 28 9:30 PM,2025,95-114,219.0,-11.0
ORL @ DET,Apr 29 7:00 PM,2025,109-116,211.0,-11.0
TOR @ CLE,Apr 29 7:30 PM,2025,120-125,219.5,-9.5
HOU @ LAL,Apr 29 10:00 PM,2025,99-93,208.5,-3.5
NYK @ ATL,Apr 30 7:00 PM,2025,140-89,214.5,2.5
BOS @ PHI,Apr 30 8:00 PM,2025,93-106,214.0,6.0
DEN @ MIN,Apr 30 9:30 PM,2025,98-110,223.5,7.0
DET @ ORL,May 1 7:00 PM,2025,93-79,210.5,3.5
CLE @ TOR,May 1 7:30 PM,2025,110-112,218.5,4.5
LAL @ HOU,May 1 9:30 PM,2025,98-78,203.5,-5.0
PHI @ BOS,May 2 7:30 PM,2025,109-100,205.0,-4.0
ORL @ DET,May 3 3:30 PM,2025,94-116,201.0,-8.5
TOR @ CLE,May 3 7:30 PM,2025,102-114,209.0,-8.5
PHI @ NYK,May 4 8:00 PM,2025,98-137,212.5,-7.5
MIN @ SAS,May 4 9:30 PM,2025,104-102,218.5,-10.5
CLE @ DET,May 5 7:00 PM,2025,101-111,217.5,-3.5
LAL @ OKC,May 5 8:30 PM,2025,90-108,212.0,-15.5
PHI @ NYK,May 6 7:00 PM,2025,102-108,214.0,-10.5
MIN @ SAS,May 6 9:30 PM,2025,95-133,217.5,-10.5
CLE @ DET,May 7 7:00 PM,2025,97-107,215.0,-4.0
LAL @ OKC,May 7 9:30 PM,2025,107-125,211.5,-15.5
NYK @ PHI,May 8 7:00 PM,2025,108-94,214.5,-3.5
SAS @ MIN,May 8 9:30 PM,2025,115-108,216.5,5.5
DET @ CLE,May 9 3:00 PM,2025,109-116,211.5,-5.0
OKC @ LAL,May 9 8:30 PM,2025,131-108,210.5,9.0
NYK @ PHI,May 10 3:30 PM,2025,144-114,214.0,1.5
SAS @ MIN,May 10 7:30 PM,2025,109-114,218.5,5.5
DET @ CLE,May 11 8:00 PM,2025,103-112,213.0,-3.5
OKC @ LAL,May 11 10:30 PM,2025,115-110,214.5,12.5
MIN @ SAS,May 12 8:00 PM,2025,97-126,218.5,-10.0
CLE @ DET,May 13 8:00 PM,2025,117-113,210.5,-4.0
DET @ CLE,May 15 7:00 PM,2025,115-94,209.5,-4.0
CLE @ DET,May 17 8:00 PM,2025,125-94,204.5,-4.0
SAS @ OKC,May 18 8:30 PM,2025,122-115,219.5,-7.0
CLE @ NYK,May 19 8:00 PM,2025,104-115,218.0,-6.0
SAS @ OKC,May 20 8:30 PM,2025,113-122,214.5,-7.5
CLE @ NYK,May 21 8:00 PM,2025,93-109,215.5,-5.5
OKC @ SAS,May 22 8:30 PM,2025,123-108,219.0,-3.0
NYK @ CLE,May 23 8:00 PM,2025,121-108,216.0,-3.5
OKC @ SAS,May 24 8:00 PM,2025,82-103,218.5,-2.5
NYK @ CLE,May 25 8:00 PM,2025,130-93,219.0,2.0
SAS @ OKC,May 26 8:30 PM,2025,114-127,217.0,-3.5
OKC @ SAS,May 28 8:30 PM,2025,91-118,219.5,-3.5
SAS @ OKC,May 30 8:00 PM,2025,111-103,212.0,-3.5
NYK @ SAS,Jun 3 8:30 PM,2025,105-95,217.0,-5.0
NYK @ SAS,Jun 5 8:30 PM,2025,105-104,217.0,-6.5
